Voltage, Timestamp, X position, Y position, Z position, X rotation, Y rotation, Z rotation
-0.0001066572, 06/04/2019 04:00:05.322, 0.01013531, -0.02645986, 0.008881458, 2.219721, 276.084, 2.858377
-0.0002990085, 06/04/2019 04:00:05.927, 0.01013434, -0.02643229, 0.008866389, 2.231872, 276.0807, 2.856147
-0.0006730878, 06/04/2019 04:00:05.929, 0.01013434, -0.02643229, 0.008866389, 2.231872, 276.0807, 2.856147
-0.001224788, 06/04/2019 04:00:05.933, 0.01012958, -0.02646681, 0.008868723, 2.224051, 276.0844, 2.858171
-0.001750991, 06/04/2019 04:00:05.944, 0.0101368, -0.02643821, 0.008863215, 2.237327, 276.083, 2.854799
-0.00157238, 06/04/2019 04:00:05.955, 0.01013337, -0.02648063, 0.008864413, 2.249515, 276.0777, 2.866911
0.0001106232, 06/04/2019 04:00:05.967, 0.01013841, -0.02648141, 0.008860866, 2.202318, 276.0853, 2.865225
0.005411048, 06/04/2019 04:00:05.977, 0.01013784, -0.02646253, 0.008870641, 2.207388, 276.0842, 2.857755
0.01636855, 06/04/2019 04:00:05.989, 0.01013526, -0.02646203, 0.00887362, 2.213023, 276.0859, 2.856151
0.03464221, 06/04/2019 04:00:06.000, 0.01013312, -0.02642981, 0.008870482, 2.216413, 276.0786, 2.868546
0.06134759, 06/04/2019 04:00:06.011, 0.01012802, -0.02647573, 0.008866915, 2.217757, 276.0855, 2.869691
0.09621813, 06/04/2019 04:00:06.032, 0.01012932, -0.02647031, 0.008866673, 2.225381, 276.0827, 2.864856
0.1380552, 06/04/2019 04:00:06.034, 0.01013451, -0.02644958, 0.008868604, 2.204601, 276.0849, 2.860783
0.1856035, 06/04/2019 04:00:06.044, 0.01013153, -0.02643463, 0.008877678, 2.229356, 276.0818, 2.874679
0.2376564, 06/04/2019 04:00:06.067, 0.01012745, -0.02642503, 0.008877189, 2.219005, 276.0797, 2.881837
0.2937195, 06/04/2019 04:00:06.077, 0.01012854, -0.02644673, 0.008861585, 2.216722, 276.089, 2.858507
0.35405, 06/04/2019 04:00:06.089, 0.01012931, -0.02647213, 0.008854493, 2.220054, 276.0938, 2.860924
0.4190863, 06/04/2019 04:00:06.100, 0.01013739, -0.02644837, 0.008854453, 2.221422, 276.0981, 2.850542
0.4895514, 06/04/2019 04:00:06.111, 0.01012726, -0.02645062, 0.008841865, 2.225718, 276.103, 2.854523
0.564701, 06/04/2019 04:00:06.122, 0.01014139, -0.02644904, 0.008839643, 2.209099, 276.1232, 2.843523
0.6453864, 06/04/2019 04:00:06.138, 0.01015177, -0.02645978, 0.00881382, 2.189354, 276.1532, 2.840429
0.7311898, 06/04/2019 04:00:06.151, 0.01015941, -0.02646284, 0.008788714, 2.189074, 276.1762, 2.841657
0.8218287, 06/04/2019 04:00:06.155, 0.01016544, -0.02644422, 0.008786988, 2.185736, 276.193, 2.827493
0.9168755, 06/04/2019 04:00:06.167, 0.01016506, -0.02648416, 0.008767518, 2.177763, 276.2256, 2.840368
1.015701, 06/04/2019 04:00:06.178, 0.01019662, -0.02643996, 0.00873375, 2.192288, 276.2746, 2.906544
1.117796, 06/04/2019 04:00:06.189, 0.01020997, -0.0264458, 0.008708578, 2.209038, 276.3145, 2.912541
1.222578, 06/04/2019 04:00:06.201, 0.01022377, -0.02648823, 0.008671426, 2.226445, 276.3678, 2.912455
1.329338, 06/04/2019 04:00:06.211, 0.01024792, -0.0264403, 0.008644965, 2.219251, 276.4172, 2.932473
1.437474, 06/04/2019 04:00:06.222, 0.01028372, -0.02640375, 0.00859083, 2.246102, 276.4865, 2.956473
1.546354, 06/04/2019 04:00:06.233, 0.01029749, -0.02641042, 0.008561124, 2.234769, 276.5291, 2.952209
1.655342, 06/04/2019 04:00:06.244, 0.01033924, -0.02639043, 0.008516145, 2.245309, 276.6162, 2.985921
1.763876, 06/04/2019 04:00:06.255, 0.01037269, -0.02640294, 0.008474463, 2.26957, 276.7097, 3.004369
1.871379, 06/04/2019 04:00:06.266, 0.01040771, -0.02640316, 0.008429822, 2.216378, 276.7885, 2.988286
1.977397, 06/04/2019 04:00:06.277, 0.01045845, -0.02639282, 0.008343213, 2.241713, 276.8898, 2.975234
2.081501, 06/04/2019 04:00:06.288, 0.01050799, -0.02638012, 0.008269133, 2.220879, 277.014, 2.940056
2.183209, 06/04/2019 04:00:06.300, 0.01054049, -0.02639165, 0.008218178, 2.219169, 277.091, 2.898569
2.282278, 06/04/2019 04:00:06.311, 0.01057568, -0.02641691, 0.008125291, 2.188542, 277.2472, 2.962236
2.37842, 06/04/2019 04:00:06.322, 0.01063104, -0.02637766, 0.008013765, 2.17777, 277.391, 3.055469
2.471245, 06/04/2019 04:00:06.333, 0.01068017, -0.02636131, 0.007956187, 2.16184, 277.4973, 3.071724
2.560674, 06/04/2019 04:00:06.344, 0.01073715, -0.02635878, 0.00786762, 2.179273, 277.6343, 3.024554
2.646542, 06/04/2019 04:00:06.355, 0.0108065, -0.02641755, 0.007765015, 2.157011, 277.8096, 2.99236
2.728552, 06/04/2019 04:00:06.367, 0.01088212, -0.02638992, 0.007677007, 2.159324, 277.9224, 2.988916
2.806714, 06/04/2019 04:00:06.378, 0.01095652, -0.0263787, 0.00753988, 2.192097, 278.1106, 2.967726
2.880957, 06/04/2019 04:00:06.389, 0.01101376, -0.02637359, 0.007398501, 2.190508, 278.2863, 2.986928
2.951048, 06/04/2019 04:00:06.400, 0.01106748, -0.02638178, 0.007316208, 2.183328, 278.4131, 2.980838
3.017046, 06/04/2019 04:00:06.411, 0.01112142, -0.02639806, 0.007205022, 2.234634, 278.6033, 2.984957
3.078952, 06/04/2019 04:00:06.422, 0.011193, -0.02646746, 0.007045198, 2.164622, 278.8257, 2.983118
3.136614, 06/04/2019 04:00:06.433, 0.01125634, -0.02648143, 0.006961767, 2.163486, 278.9677, 3.005606
3.190099, 06/04/2019 04:00:06.444, 0.01132093, -0.02648423, 0.006818613, 2.147481, 279.1917, 2.980587
3.239464, 06/04/2019 04:00:06.455, 0.01143349, -0.02645489, 0.006665774, 2.129128, 279.4371, 2.964335
3.284613, 06/04/2019 04:00:06.466, 0.01149837, -0.02644088, 0.006583064, 2.104175, 279.5851, 2.937731
3.325622, 06/04/2019 04:00:06.477, 0.01158173, -0.02639464, 0.006421175, 2.120396, 279.8111, 2.950517
3.362609, 06/04/2019 04:00:06.488, 0.01164059, -0.02643878, 0.006262758, 2.121033, 280.0492, 2.995911
3.395532, 06/04/2019 04:00:06.499, 0.01169967, -0.02640858, 0.006152544, 2.150247, 280.1937, 3.009717
3.424474, 06/04/2019 04:00:06.511, 0.01179215, -0.0264713, 0.005990025, 2.144975, 280.4368, 2.987751
3.449602, 06/04/2019 04:00:06.522, 0.01185669, -0.02647621, 0.005800676, 2.154673, 280.6977, 2.997172
3.470937, 06/04/2019 04:00:06.533, 0.01197137, -0.02644356, 0.00563935, 2.174524, 280.9662, 2.988596
3.488587, 06/04/2019 04:00:06.545, 0.01202267, -0.02646612, 0.005541596, 2.189189, 281.1292, 3.017711
3.502789, 06/04/2019 04:00:06.555, 0.0120989, -0.02645012, 0.005381302, 2.169047, 281.3808, 2.995734
3.513647, 06/04/2019 04:00:06.566, 0.01214502, -0.02648462, 0.005267798, 2.136285, 281.5604, 2.977203
3.521313, 06/04/2019 04:00:06.577, 0.01225679, -0.0264316, 0.005076318, 2.170608, 281.822, 2.939932
3.526099, 06/04/2019 04:00:06.588, 0.01235706, -0.02635858, 0.004895635, 2.170869, 282.0778, 2.937127
3.528218, 06/04/2019 04:00:06.599, 0.01240044, -0.02636105, 0.004778663, 2.150659, 282.2593, 2.970499
3.527901, 06/04/2019 04:00:06.611, 0.0124847, -0.02641457, 0.004606889, 2.105654, 282.4998, 2.940198
3.525513, 06/04/2019 04:00:06.622, 0.01256041, -0.02649741, 0.004414188, 2.079978, 282.7896, 3.050488
3.521336, 06/04/2019 04:00:06.633, 0.01264153, -0.02647521, 0.004282312, 2.107903, 282.9599, 2.976696
3.515643, 06/04/2019 04:00:06.650, 0.01277803, -0.02645086, 0.004038436, 2.159595, 283.314, 3.029766
3.508779, 06/04/2019 04:00:06.660, 0.01285839, -0.02644974, 0.003864906, 2.145199, 283.5907, 2.980711
3.501006, 06/04/2019 04:00:06.671, 0.01293346, -0.02646714, 0.003658628, 2.109148, 283.8434, 2.933067
3.492547, 06/04/2019 04:00:06.682, 0.01299642, -0.0264274, 0.003559012, 2.124444, 284.0277, 3.00424
3.483622, 06/04/2019 04:00:06.694, 0.01307149, -0.02640476, 0.003375316, 2.136102, 284.2879, 3.030443
3.474359, 06/04/2019 04:00:06.704, 0.01317455, -0.02639954, 0.003194899, 2.156271, 284.5433, 3.006768
3.464814, 06/04/2019 04:00:06.716, 0.01320764, -0.02644841, 0.003060009, 2.108587, 284.7252, 2.976512
3.455009, 06/04/2019 04:00:06.727, 0.01328311, -0.02645256, 0.002893432, 2.136795, 284.9802, 2.988976
3.444878, 06/04/2019 04:00:06.738, 0.01336292, -0.02643998, 0.002713613, 2.165312, 285.238, 3.042838
3.434269, 06/04/2019 04:00:06.749, 0.01341687, -0.0264481, 0.002571264, 2.136344, 285.4211, 3.052847
3.423017, 06/04/2019 04:00:06.760, 0.01348329, -0.02639829, 0.002405134, 2.171977, 285.6828, 3.020171
3.410907, 06/04/2019 04:00:06.771, 0.01357482, -0.02637452, 0.002229912, 2.126328, 285.9512, 2.981356
3.397647, 06/04/2019 04:00:06.782, 0.01359308, -0.02639685, 0.002108065, 2.139028, 286.1313, 2.963447
3.383007, 06/04/2019 04:00:06.793, 0.01368493, -0.02638598, 0.001936945, 2.127097, 286.3955, 2.963217
3.366761, 06/04/2019 04:00:06.804, 0.0137557, -0.02644339, 0.001757739, 2.100961, 286.639, 3.006334
3.34865, 06/04/2019 04:00:06.816, 0.01379489, -0.02644488, 0.001628893, 2.101675, 286.8008, 3.027153
3.328551, 06/04/2019 04:00:06.827, 0.01389082, -0.02640444, 0.001432548, 2.149183, 287.0464, 3.025062
3.306388, 06/04/2019 04:00:06.838, 0.01397622, -0.02640879, 0.001262414, 2.133075, 287.2899, 3.074727
3.282069, 06/04/2019 04:00:06.849, 0.01400639, -0.02638303, 0.001120795, 2.143065, 287.4683, 3.058747
3.255701, 06/04/2019 04:00:06.861, 0.01404742, -0.02647278, 0.000929981, 2.09234, 287.7161, 3.029347
3.227461, 06/04/2019 04:00:06.871, 0.01410606, -0.02652409, 0.0007505855, 2.043055, 287.9698, 2.986095
3.197524, 06/04/2019 04:00:06.882, 0.01416284, -0.02646038, 0.000665468, 2.04065, 288.1321, 2.986989
3.166209, 06/04/2019 04:00:06.894, 0.0142427, -0.02640131, 0.0004988289, 2.116974, 288.3825, 3.093277
3.133884, 06/04/2019 04:00:06.905, 0.01429856, -0.0263719, 0.0003415523, 2.092004, 288.6375, 3.040843
3.100912, 06/04/2019 04:00:06.915, 0.01433588, -0.02643852, 0.0002175869, 2.113805, 288.8085, 2.939276
3.06773, 06/04/2019 04:00:06.927, 0.01440909, -0.02645509, 1.966209E-05, 2.120268, 289.058, 2.949475
3.034778, 06/04/2019 04:00:06.942, 0.0144762, -0.02644632, -0.0001298139, 2.132514, 289.2773, 3.033106
3.002481, 06/04/2019 04:00:06.949, 0.01451716, -0.02643444, -0.0002618696, 2.150429, 289.4288, 3.059462
2.971255, 06/04/2019 04:00:06.959, 0.01455673, -0.02651511, -0.0004456872, 2.130407, 289.6666, 3.012693
2.941432, 06/04/2019 04:00:06.970, 0.01460217, -0.02652603, -0.0005604125, 2.09499, 289.8161, 2.992579
2.913325, 06/04/2019 04:00:06.981, 0.01465559, -0.02650339, -0.0007304889, 2.030013, 290.0617, 3.051221
2.887196, 06/04/2019 04:00:06.993, 0.01470075, -0.0264743, -0.0009038196, 2.024717, 290.2867, 3.075641
2.863131, 06/04/2019 04:00:07.003, 0.01472657, -0.02647194, -0.001010376, 2.044112, 290.4305, 3.033415
2.841218, 06/04/2019 04:00:07.014, 0.01476704, -0.02649229, -0.001158712, 2.035694, 290.6494, 3.017468
2.821489, 06/04/2019 04:00:07.025, 0.01480904, -0.026504, -0.00126908, 2.044843, 290.7818, 3.004186
2.803745, 06/04/2019 04:00:07.036, 0.01487277, -0.02648562, -0.001424182, 2.0766, 290.9979, 3.052823
2.787815, 06/04/2019 04:00:07.048, 0.01492104, -0.02649944, -0.001567162, 2.064638, 291.2283, 3.017813
2.773422, 06/04/2019 04:00:07.059, 0.01497054, -0.02649367, -0.001715486, 2.146951, 291.4517, 3.008126
2.760104, 06/04/2019 04:00:07.069, 0.01499236, -0.02655365, -0.001804974, 2.139624, 291.5878, 3.004068
2.747398, 06/04/2019 04:00:07.080, 0.01502795, -0.02656388, -0.001935949, 2.12943, 291.7995, 2.990301
2.734743, 06/04/2019 04:00:07.091, 0.01507425, -0.02652956, -0.00201797, 2.085799, 291.9479, 2.972356
2.721504, 06/04/2019 04:00:07.102, 0.01515065, -0.02645962, -0.002197087, 2.12946, 292.1513, 3.019682
2.707023, 06/04/2019 04:00:07.114, 0.01520215, -0.02640692, -0.002369416, 2.123621, 292.3437, 3.062763
2.690479, 06/04/2019 04:00:07.125, 0.01521604, -0.02644867, -0.002530478, 2.084603, 292.5534, 3.069322
2.671201, 06/04/2019 04:00:07.136, 0.01524076, -0.02640927, -0.00261525, 2.053797, 292.6819, 3.036972
2.648467, 06/04/2019 04:00:07.147, 0.01527246, -0.02639708, -0.002748298, 2.036024, 292.8863, 3.089112
2.621352, 06/04/2019 04:00:07.158, 0.01531681, -0.02645176, -0.002917423, 2.068142, 293.0932, 3.004804
2.589246, 06/04/2019 04:00:07.170, 0.0153507, -0.02641487, -0.003019743, 2.093426, 293.2325, 3.011234
2.551528, 06/04/2019 04:00:07.181, 0.01538717, -0.02640713, -0.003178521, 2.064831, 293.4462, 3.085425
2.50736, 06/04/2019 04:00:07.192, 0.0154291, -0.02642568, -0.003316255, 2.080749, 293.6447, 3.076189
2.4564, 06/04/2019 04:00:07.209, 0.01550303, -0.02641659, -0.003506617, 2.049544, 293.8923, 3.042559
2.398325, 06/04/2019 04:00:07.214, 0.01550595, -0.02638485, -0.003544738, 2.052304, 293.9658, 3.0334
2.332676, 06/04/2019 04:00:07.225, 0.01550536, -0.02642419, -0.003636701, 2.02983, 294.0885, 2.999701
2.259502, 06/04/2019 04:00:07.236, 0.01555124, -0.02645447, -0.003790659, 2.035797, 294.2791, 2.989818
2.178951, 06/04/2019 04:00:07.248, 0.0155711, -0.02646173, -0.003924913, 2.063999, 294.4579, 2.998914
2.091053, 06/04/2019 04:00:07.258, 0.01560004, -0.02650929, -0.004055632, 2.102939, 294.6225, 2.974925
1.996354, 06/04/2019 04:00:07.269, 0.01563247, -0.02644446, -0.004143363, 2.118488, 294.7419, 2.992173
1.89554, 06/04/2019 04:00:07.281, 0.01564882, -0.02640649, -0.00426888, 2.127486, 294.9233, 3.01944
1.789217, 06/04/2019 04:00:07.292, 0.01567316, -0.0263868, -0.004353066, 2.097641, 295.0256, 3.03113
1.678367, 06/04/2019 04:00:07.303, 0.01569043, -0.02644392, -0.004477749, 2.097535, 295.2005, 3.061779
1.564144, 06/04/2019 04:00:07.315, 0.01572393, -0.02647611, -0.004602261, 2.05337, 295.3814, 3.079609
1.447608, 06/04/2019 04:00:07.326, 0.01574104, -0.02650657, -0.004719327, 2.053085, 295.5286, 3.073864
1.330026, 06/04/2019 04:00:07.337, 0.01575636, -0.02653949, -0.00478938, 2.017788, 295.6237, 3.040962
1.212667, 06/04/2019 04:00:07.349, 0.01579138, -0.02648163, -0.004862168, 2.0199, 295.7505, 3.041836
1.096804, 06/04/2019 04:00:07.359, 0.01581919, -0.02649094, -0.004942708, 1.999017, 295.8604, 3.028229
0.9837139, 06/04/2019 04:00:07.370, 0.01583132, -0.02649073, -0.004987963, 2.000186, 295.9295, 2.986849
0.8744572, 06/04/2019 04:00:07.382, 0.01585125, -0.0264521, -0.005064544, 2.002941, 296.0377, 3.025875
0.7701317, 06/04/2019 04:00:07.393, 0.01586489, -0.02648368, -0.005136426, 2.005344, 296.137, 3.009226
0.6717969, 06/04/2019 04:00:07.404, 0.01587871, -0.02645793, -0.005177044, 2.016304, 296.1953, 3.004561
0.5799973, 06/04/2019 04:00:07.415, 0.01588817, -0.02643095, -0.00523889, 2.048403, 296.274, 2.978068
0.4953703, 06/04/2019 04:00:07.426, 0.01589266, -0.0264341, -0.005304148, 2.042361, 296.3465, 2.98837
0.4185132, 06/04/2019 04:00:07.437, 0.01590129, -0.02642268, -0.005339133, 2.070428, 296.3903, 2.997009
0.3493584, 06/04/2019 04:00:07.450, 0.01590779, -0.02641548, -0.005380495, 2.05981, 296.4463, 3.010628
0.2879533, 06/04/2019 04:00:07.461, 0.01591826, -0.02639408, -0.005418796, 2.043467, 296.4998, 3.010121
0.2344059, 06/04/2019 04:00:07.471, 0.0159222, -0.02639467, -0.005428903, 2.045563, 296.5229, 3.01873
0.1881313, 06/04/2019 04:00:07.482, 0.01593298, -0.02640409, -0.005454117, 2.048807, 296.5522, 3.021699
0.1487402, 06/04/2019 04:00:07.493, 0.01593157, -0.02638224, -0.005476222, 2.061715, 296.5812, 3.019819
0.1159528, 06/04/2019 04:00:07.505, 0.01593031, -0.02639764, -0.0054938, 2.068689, 296.5924, 3.016772
0.08886898, 06/04/2019 04:00:07.516, 0.01594124, -0.02640604, -0.005506325, 2.071317, 296.6125, 2.996009
0.06686813, 06/04/2019 04:00:07.527, 0.0159482, -0.02641083, -0.005510464, 2.064068, 296.6304, 3.014697
0.04948669, 06/04/2019 04:00:07.538, 0.01595051, -0.02640834, -0.005522192, 2.065415, 296.6355, 3.000552
0.03586771, 06/04/2019 04:00:07.549, 0.01594797, -0.02641298, -0.005535926, 2.067534, 296.6446, 3.009917
0.02540807, 06/04/2019 04:00:07.561, 0.01594685, -0.02642825, -0.005542203, 2.055853, 296.6498, 3.011254
0.01764363, 06/04/2019 04:00:07.571, 0.01594997, -0.02643071, -0.005544415, 2.062311, 296.6525, 3.006856
0.01194901, 06/04/2019 04:00:07.582, 0.01595264, -0.02642455, -0.005544364, 2.063872, 296.6523, 3.010983
0.007864589, 06/04/2019 04:00:07.593, 0.0159588, -0.02640994, -0.005548031, 2.062068, 296.6548, 3.027183
0.005046742, 06/04/2019 04:00:07.604, 0.01595136, -0.02642269, -0.005551974, 2.062997, 296.6573, 3.022296
0.003147309, 06/04/2019 04:00:07.615, 0.01595337, -0.02643178, -0.005556193, 2.058257, 296.657, 3.002141
0.001897592, 06/04/2019 04:00:07.626, 0.01595167, -0.02642283, -0.005551424, 2.061575, 296.6541, 3.014267
0.001105949, 06/04/2019 04:00:07.637, 0.01595244, -0.02642732, -0.005551093, 2.063902, 296.6543, 3.004747
0.000614306, 06/04/2019 04:00:07.648, 0.01595682, -0.02640679, -0.005549042, 2.059883, 296.6561, 3.011114
0.0003171388, 06/04/2019 04:00:07.660, 0.01595609, -0.02643749, -0.005557567, 2.057987, 296.6567, 2.999922
0.0001471671, 06/04/2019 04:00:07.671, 0.01595679, -0.02643434, -0.005551489, 2.070629, 296.6579, 3.005623
5.467422E-05, 06/04/2019 04:00:07.682, 0.01595581, -0.02644024, -0.005554352, 2.056069, 296.6634, 3.034462
1.048159E-05, 06/04/2019 04:00:07.694, 0.01595994, -0.0264358, -0.005551943, 2.063788, 296.6555, 2.996992
0, 06/04/2019 04:00:07.704, 0.01596272, -0.02643032, -0.005555098, 2.066049, 296.658, 3.008552
0, 06/04/2019 04:00:07.715, 0.01596211, -0.02643924, -0.005553129, 2.061177, 296.6598, 2.999483
0, 06/04/2019 04:00:07.726, 0.01596938, -0.02642169, -0.00554696, 2.04765, 296.6591, 2.999462
0, 06/04/2019 04:00:07.737, 0.01596661, -0.0264388, -0.005552799, 2.050652, 296.6613, 3.002005
0, 06/04/2019 04:00:07.748, 0.01596279, -0.02641113, -0.005550343, 2.065507, 296.657, 3.014842
0, 06/04/2019 04:00:07.759, 0.01596236, -0.02641995, -0.005548102, 2.07008, 296.6578, 3.010518
0, 06/04/2019 04:00:07.771, 0.01595655, -0.02643757, -0.005551984, 2.052632, 296.6624, 3.00446
0, 06/04/2019 04:00:07.782, 0.01595799, -0.02641355, -0.005546616, 2.067672, 296.658, 2.996588
0, 06/04/2019 04:00:07.793, 0.01595609, -0.02641213, -0.005541848, 2.067186, 296.6573, 3.01513
0, 06/04/2019 04:00:07.804, 0.01595771, -0.02639852, -0.005545253, 2.06837, 296.656, 3.013392
0, 06/04/2019 04:00:07.815, 0.01596485, -0.02644762, -0.005553646, 2.068705, 296.6596, 2.983803
0, 06/04/2019 04:00:07.827, 0.01597567, -0.02644274, -0.00555612, 2.060257, 296.6639, 2.997436
0, 06/04/2019 04:00:07.838, 0.01596514, -0.02642198, -0.005552668, 2.046646, 296.6643, 3.009043
0, 06/04/2019 04:00:07.848, 0.01596569, -0.02642029, -0.005544738, 2.064368, 296.6585, 3.011615
0, 06/04/2019 04:00:07.859, 0.01596491, -0.02643009, -0.005551421, 2.061242, 296.6602, 2.994466
0, 06/04/2019 04:00:07.871, 0.01596268, -0.02643332, -0.005552106, 2.065397, 296.6622, 2.989264
0, 06/04/2019 04:00:07.881, 0.01596403, -0.02643072, -0.005551551, 2.061097, 296.6602, 2.989978
0, 06/04/2019 04:00:07.893, 0.01596543, -0.02642635, -0.00554954, 2.068725, 296.6593, 2.996166
0, 06/04/2019 04:00:07.904, 0.01596174, -0.02642144, -0.005541056, 2.063859, 296.659, 3.012014
0.0008535411, 06/04/2019 04:00:07.915, 0.01595305, -0.02644707, -0.005544535, 2.058516, 296.6674, 3.006314
0.002201416, 06/04/2019 04:00:07.926, 0.01595856, -0.0264578, -0.005553894, 2.049447, 296.6639, 3.00985
0.004688243, 06/04/2019 04:00:07.937, 0.01595241, -0.02645734, -0.005565331, 2.054331, 296.6637, 3.001705
0.008606657, 06/04/2019 04:00:07.948, 0.01595142, -0.02643335, -0.005555659, 2.070393, 296.6599, 3.024426
0.0136238, 06/04/2019 04:00:07.959, 0.01595103, -0.02644956, -0.00556066, 2.059769, 296.658, 3.011145
0.01686388, 06/04/2019 04:00:07.971, 0.01595302, -0.02645155, -0.005559431, 2.061829, 296.661, 3.000691
0.01629901, 06/04/2019 04:00:07.982, 0.01594977, -0.02642763, -0.005552942, 2.060055, 296.6591, 3.009909
0.005815156, 06/04/2019 04:00:07.992, 0.01595334, -0.02643534, -0.005550636, 2.06079, 296.6581, 3.000026
-0.01927281, 06/04/2019 04:00:08.003, 0.01595535, -0.02642975, -0.005546684, 2.063701, 296.6598, 2.999889
-0.06152748, 06/04/2019 04:00:08.015, 0.01595696, -0.02643313, -0.005546312, 2.051057, 296.6594, 2.993642
-0.1210031, 06/04/2019 04:00:08.026, 0.01595666, -0.02644779, -0.005555145, 2.058357, 296.6594, 2.982942
-0.193631, 06/04/2019 04:00:08.037, 0.01596226, -0.02643343, -0.005551041, 2.056439, 296.6621, 2.989875
-0.273771, 06/04/2019 04:00:08.048, 0.0159629, -0.02643881, -0.005547657, 2.069097, 296.6601, 2.99622
-0.3563827, 06/04/2019 04:00:08.059, 0.01596655, -0.02642752, -0.005541983, 2.065774, 296.6634, 3.006132
-0.4380938, 06/04/2019 04:00:08.070, 0.01595619, -0.02643766, -0.005538301, 2.067085, 296.665, 3.026827
-0.5178744, 06/04/2019 04:00:08.081, 0.01596372, -0.0264086, -0.005524927, 2.071472, 296.6582, 3.009384
-0.5961194, 06/04/2019 04:00:08.093, 0.0159567, -0.02641463, -0.00551933, 2.058412, 296.6453, 2.998386
-0.6740028, 06/04/2019 04:00:08.104, 0.01595404, -0.02640677, -0.005511341, 2.072891, 296.6409, 3.008672
-0.7532251, 06/04/2019 04:00:08.115, 0.01593993, -0.02640353, -0.005504454, 2.066349, 296.6181, 3.027642
-0.8328956, 06/04/2019 04:00:08.126, 0.01593514, -0.02642219, -0.005482045, 2.055197, 296.592, 3.002505
-0.9147853, 06/04/2019 04:00:08.137, 0.01593655, -0.02641055, -0.005466982, 2.065874, 296.5745, 3.021254
-0.9988638, 06/04/2019 04:00:08.148, 0.01592863, -0.02641843, -0.005437789, 2.057222, 296.5297, 3.019236
-1.085135, 06/04/2019 04:00:08.160, 0.01592276, -0.02642518, -0.005409233, 2.046171, 296.4821, 2.996809
-1.173503, 06/04/2019 04:00:08.170, 0.01591103, -0.02643021, -0.005381226, 2.060429, 296.4371, 3.017406
-1.263726, 06/04/2019 04:00:08.181, 0.01589975, -0.026443, -0.005331329, 2.060865, 296.3662, 2.986532
-1.355558, 06/04/2019 04:00:08.193, 0.01588769, -0.02642671, -0.005250821, 2.0325, 296.2858, 2.978043
-1.448663, 06/04/2019 04:00:08.203, 0.01588312, -0.02645263, -0.005221019, 2.030363, 296.2349, 2.98578
-1.542572, 06/04/2019 04:00:08.216, 0.01588093, -0.02644621, -0.005138298, 2.022949, 296.1475, 3.023554
-1.636818, 06/04/2019 04:00:08.226, 0.01585269, -0.02643911, -0.00507002, 2.016263, 296.0499, 3.033857
-1.730843, 06/04/2019 04:00:08.237, 0.01585008, -0.02646353, -0.005020531, 2.003311, 295.9847, 3.025686
-1.824084, 06/04/2019 04:00:08.248, 0.01582847, -0.02649819, -0.004953965, 2.008147, 295.8819, 3.007302
-1.915965, 06/04/2019 04:00:08.259, 0.01580462, -0.02649718, -0.004890631, 2.010857, 295.7802, 3.043138
-2.005829, 06/04/2019 04:00:08.270, 0.01579299, -0.02651471, -0.004850463, 2.008837, 295.7164, 3.069699
-2.093192, 06/04/2019 04:00:08.282, 0.01576005, -0.02653459, -0.004765114, 2.036717, 295.5876, 3.037586
-2.177548, 06/04/2019 04:00:08.293, 0.01573917, -0.02649535, -0.004653468, 2.055546, 295.4452, 3.054586
-2.2583, 06/04/2019 04:00:08.304, 0.01573457, -0.02650817, -0.004596074, 2.03247, 295.3592, 3.091905
-2.335226, 06/04/2019 04:00:08.315, 0.01569817, -0.02644797, -0.004458435, 2.090139, 295.184, 3.070379
-2.408051, 06/04/2019 04:00:08.326, 0.0156748, -0.0263933, -0.004335064, 2.13145, 295.0174, 3.049216
-2.476398, 06/04/2019 04:00:08.337, 0.01565262, -0.02642675, -0.004270014, 2.128772, 294.9223, 3.006289
-2.540371, 06/04/2019 04:00:08.348, 0.01562917, -0.02648367, -0.004139652, 2.109871, 294.744, 2.972103
-2.599996, 06/04/2019 04:00:08.359, 0.01559583, -0.02649235, -0.004005742, 2.098771, 294.5766, 2.985909
-2.655229, 06/04/2019 04:00:08.370, 0.01557519, -0.02647425, -0.003919132, 2.088777, 294.4692, 3.009598
-2.706432, 06/04/2019 04:00:08.381, 0.01555104, -0.02646955, -0.003789925, 2.060583, 294.298, 3.014395
-2.753909, 06/04/2019 04:00:08.392, 0.01550828, -0.0264174, -0.003632105, 2.033945, 294.099, 2.999752
-2.797892, 06/04/2019 04:00:08.403, 0.01550663, -0.02639096, -0.003542305, 2.054978, 293.9804, 3.047291
-2.838889, 06/04/2019 04:00:08.415, 0.01544706, -0.02641294, -0.003394616, 2.034714, 293.779, 3.026576
-2.877357, 06/04/2019 04:00:08.426, 0.01540183, -0.02640766, -0.003254869, 2.082297, 293.5768, 3.106447
-2.913675, 06/04/2019 04:00:08.437, 0.01538764, -0.02638853, -0.003175113, 2.061797, 293.4549, 3.089939
-2.948338, 06/04/2019 04:00:08.448, 0.01534227, -0.02643925, -0.00300324, 2.076864, 293.2309, 3.029328
-2.981782, 06/04/2019 04:00:08.459, 0.01530126, -0.02640565, -0.002840188, 2.041847, 293.011, 3.007099
-3.014365, 06/04/2019 04:00:08.471, 0.01525958, -0.02642181, -0.002718619, 1.998403, 292.8626, 3.029866
-3.046456, 06/04/2019 04:00:08.481, 0.01523315, -0.02643139, -0.002579738, 2.03511, 292.6588, 3.015207
-3.078339, 06/04/2019 04:00:08.492, 0.0151987, -0.02644814, -0.00245948, 2.105753, 292.4442, 3.050548
-3.110225, 06/04/2019 04:00:08.504, 0.01517954, -0.02642808, -0.002321294, 2.142732, 292.2842, 3.02505
-3.142242, 06/04/2019 04:00:08.514, 0.01512257, -0.02641896, -0.002154144, 2.118245, 292.082, 3.064644
-3.174431, 06/04/2019 04:00:08.526, 0.01506676, -0.02647065, -0.002028037, 2.104167, 291.925, 2.997102
-3.206753, 06/04/2019 04:00:08.537, 0.01501157, -0.02650862, -0.001880836, 2.140699, 291.6982, 2.980466
-3.239075, 06/04/2019 04:00:08.548, 0.01497428, -0.02647444, -0.001728565, 2.146177, 291.4615, 2.970573
-3.271191, 06/04/2019 04:00:08.560, 0.01492832, -0.02638601, -0.001542522, 2.103002, 291.2151, 3.005228
-3.302807, 06/04/2019 04:00:08.570, 0.01489407, -0.02641181, -0.001438432, 2.067906, 291.0565, 3.005135
-3.333532, 06/04/2019 04:00:08.581, 0.01483397, -0.02647742, -0.001269711, 2.050618, 290.8058, 2.995094
-3.362974, 06/04/2019 04:00:08.592, 0.01477132, -0.02644532, -0.001103142, 2.028628, 290.5903, 2.997092
-3.390645, 06/04/2019 04:00:08.603, 0.01473593, -0.02644989, -0.0009831628, 2.036632, 290.4208, 3.000367
-3.415976, 06/04/2019 04:00:08.615, 0.01469457, -0.02643869, -0.0008192756, 2.064323, 290.1708, 3.039204
-3.438511, 06/04/2019 04:00:08.626, 0.01463289, -0.02647669, -0.0006226158, 2.05038, 289.942, 3.042687
-3.457706, 06/04/2019 04:00:08.637, 0.01459324, -0.02650046, -0.0005055316, 2.114112, 289.7582, 2.98764
-3.472921, 06/04/2019 04:00:08.648, 0.01454066, -0.02645185, -0.0003101266, 2.17101, 289.5029, 3.028033
-3.483822, 06/04/2019 04:00:08.659, 0.01447758, -0.02644365, -0.0001019792, 2.13777, 289.2567, 3.019353
-3.489978, 06/04/2019 04:00:08.670, 0.01443281, -0.02645087, 5.436537E-06, 2.117899, 289.0963, 2.954694
-3.490849, 06/04/2019 04:00:08.681, 0.01434194, -0.02648185, 0.0001944159, 2.117312, 288.8276, 2.934767
-3.486377, 06/04/2019 04:00:08.693, 0.01428226, -0.02636938, 0.0003932361, 2.133965, 288.5571, 3.069723
-3.476398, 06/04/2019 04:00:08.704, 0.01424739, -0.02643112, 0.0005010726, 2.124495, 288.3759, 3.076466
-3.4606, 06/04/2019 04:00:08.715, 0.01415883, -0.02648389, 0.0006785803, 2.023804, 288.1152, 2.986379
-3.439288, 06/04/2019 04:00:08.726, 0.01407489, -0.0264709, 0.0008365092, 2.051139, 287.8513, 3.019422
-3.412624, 06/04/2019 04:00:08.737, 0.0140447, -0.02647184, 0.0009595644, 2.089982, 287.6698, 3.02364
-3.38067, 06/04/2019 04:00:08.748, 0.01398965, -0.02638854, 0.001157926, 2.128885, 287.4135, 3.0694
-3.34401, 06/04/2019 04:00:08.759, 0.01393109, -0.02642205, 0.001359295, 2.136966, 287.1522, 3.023461
-3.30311, 06/04/2019 04:00:08.770, 0.01387829, -0.02639374, 0.001472074, 2.123674, 286.9852, 3.014451
-3.258367, 06/04/2019 04:00:08.781, 0.01379149, -0.02641779, 0.001677137, 2.094968, 286.7358, 3.00435
-3.210514, 06/04/2019 04:00:08.792, 0.01371046, -0.02639267, 0.001873477, 2.121763, 286.4763, 3.001354
-3.160205, 06/04/2019 04:00:08.803, 0.0136628, -0.02636369, 0.001974366, 2.109288, 286.3236, 3.001776
-3.108055, 06/04/2019 04:00:08.815, 0.01358369, -0.02639647, 0.002140458, 2.133791, 286.073, 2.997556
-3.054816, 06/04/2019 04:00:08.826, 0.01350259, -0.02637482, 0.002295153, 2.109131, 285.8101, 3.030394
-3.001151, 06/04/2019 04:00:08.837, 0.01346939, -0.02640346, 0.002414506, 2.140976, 285.6495, 3.046547
-2.947712, 06/04/2019 04:00:08.848, 0.01341673, -0.02647864, 0.002576902, 2.121212, 285.4013, 3.054569
-2.895122, 06/04/2019 04:00:08.859, 0.01334968, -0.02645797, 0.002747131, 2.140648, 285.163, 3.038011
-2.843912, 06/04/2019 04:00:08.870, 0.01330051, -0.02649144, 0.002864809, 2.148031, 285.0023, 2.972331
-2.794627, 06/04/2019 04:00:08.881, 0.0132294, -0.02646467, 0.003024455, 2.1033, 284.7941, 2.979378
-2.747695, 06/04/2019 04:00:08.893, 0.01317773, -0.02643386, 0.003177259, 2.173755, 284.5569, 3.026202
-2.703423, 06/04/2019 04:00:08.903, 0.01312231, -0.02635132, 0.003282977, 2.184617, 284.4129, 3.031334
-2.66216, 06/04/2019 04:00:08.914, 0.01304361, -0.02645281, 0.003427745, 2.117567, 284.2031, 3.02995
-2.624134, 06/04/2019 04:00:08.926, 0.01297473, -0.02647712, 0.003571954, 2.105574, 284.0008, 2.973204
-2.589416, 06/04/2019 04:00:08.938, 0.01291239, -0.02646481, 0.003695515, 2.126197, 283.793, 2.969724
-2.558147, 06/04/2019 04:00:08.948, 0.01287682, -0.02644761, 0.003808983, 2.140115, 283.657, 2.956971
-2.530371, 06/04/2019 04:00:08.959, 0.01280592, -0.02643427, 0.003941172, 2.163068, 283.4556, 3.014543
-2.505957, 06/04/2019 04:00:08.970, 0.01278363, -0.02643002, 0.004032829, 2.157605, 283.3249, 3.000275
-2.484872, 06/04/2019 04:00:08.981, 0.01271265, -0.02647317, 0.004140624, 2.114772, 283.1368, 2.984003
-2.467033, 06/04/2019 04:00:08.992, 0.01262555, -0.02648199, 0.004287251, 2.093311, 282.9371, 2.989172
-2.452195, 06/04/2019 04:00:09.003, 0.01257256, -0.02649069, 0.004381293, 2.076276, 282.813, 3.060765
-2.440265, 06/04/2019 04:00:09.015, 0.01251826, -0.02643593, 0.004525979, 2.095625, 282.6058, 2.956731
-2.431097, 06/04/2019 04:00:09.026, 0.01246412, -0.02640744, 0.00467555, 2.123509, 282.4234, 2.937243
-2.424411, 06/04/2019 04:00:09.037, 0.01243461, -0.02637348, 0.004745034, 2.156025, 282.3052, 2.965178
-2.420111, 06/04/2019 04:00:09.049, 0.0123703, -0.02639667, 0.004854339, 2.141824, 282.1382, 2.949238
-2.418129, 06/04/2019 04:00:09.059, 0.01231024, -0.02640465, 0.004980766, 2.162667, 281.9464, 2.952942
-2.41826, 06/04/2019 04:00:09.070, 0.01225916, -0.02641573, 0.005075143, 2.163907, 281.8316, 2.936183
-2.420425, 06/04/2019 04:00:09.081, 0.0121783, -0.02646563, 0.005194235, 2.154859, 281.6357, 2.990011
-2.424623, 06/04/2019 04:00:09.092, 0.01210979, -0.02647752, 0.005334277, 2.162697, 281.4591, 2.981868
-2.43069, 06/04/2019 04:00:09.103, 0.01207932, -0.02645723, 0.005405092, 2.181104, 281.339, 2.991438
-2.438519, 06/04/2019 04:00:09.114, 0.01202851, -0.02644489, 0.005526055, 2.178793, 281.1626, 2.978723
-2.448115, 06/04/2019 04:00:09.126, 0.01197542, -0.02646225, 0.005625122, 2.192946, 280.9842, 3.001828
-2.45927, 06/04/2019 04:00:09.136, 0.01192299, -0.02643282, 0.005694524, 2.173017, 280.869, 3.013564
-2.471813, 06/04/2019 04:00:09.147, 0.0118477, -0.02645972, 0.00581695, 2.165207, 280.6712, 3.016321
-2.485568, 06/04/2019 04:00:09.159, 0.01179824, -0.02645468, 0.005955782, 2.144382, 280.4774, 2.972653
-2.500169, 06/04/2019 04:00:09.170, 0.01175089, -0.02641665, 0.006052079, 2.154729, 280.342, 3.003346
-2.515275, 06/04/2019 04:00:09.181, 0.0116728, -0.02641009, 0.00616793, 2.142088, 280.1742, 3.034714
-2.530449, 06/04/2019 04:00:09.192, 0.01162201, -0.02640208, 0.006306914, 2.119771, 279.9982, 2.981634
-2.545135, 06/04/2019 04:00:09.204, 0.0115817, -0.02641116, 0.00639162, 2.116699, 279.8803, 2.980688
-2.558754, 06/04/2019 04:00:09.214, 0.01153973, -0.02639853, 0.006509806, 2.126035, 279.7029, 2.950117
-2.570633, 06/04/2019 04:00:09.225, 0.01145012, -0.02646537, 0.006618782, 2.129972, 279.5066, 2.936711
-2.580147, 06/04/2019 04:00:09.237, 0.01141542, -0.0264285, 0.006708658, 2.137347, 279.3827, 2.981726
-2.586635, 06/04/2019 04:00:09.248, 0.01131584, -0.02647193, 0.006837792, 2.147308, 279.1815, 2.96962
-2.589327, 06/04/2019 04:00:09.259, 0.01124985, -0.0264943, 0.006957754, 2.173001, 278.9836, 3.001025
-2.587651, 06/04/2019 04:00:09.270, 0.01120201, -0.02647346, 0.007032308, 2.165736, 278.8576, 3.014451
-2.581076, 06/04/2019 04:00:09.281, 0.01112705, -0.02643458, 0.007157546, 2.204887, 278.6555, 2.991851
-2.568926, 06/04/2019 04:00:09.292, 0.01106673, -0.02643433, 0.007290421, 2.224381, 278.4622, 3.000823
-2.550758, 06/04/2019 04:00:09.303, 0.01101469, -0.02643857, 0.007352031, 2.210749, 278.3455, 2.988125
-2.526355, 06/04/2019 04:00:09.314, 0.01095008, -0.02641017, 0.007519388, 2.214471, 278.1501, 2.98007
-2.495246, 06/04/2019 04:00:09.326, 0.01087411, -0.02645778, 0.007649387, 2.125662, 277.9715, 2.963463
-2.457159, 06/04/2019 04:00:09.336, 0.01079943, -0.02646062, 0.007746201, 2.162838, 277.8403, 2.971488
-2.412135, 06/04/2019 04:00:09.347, 0.01070737, -0.02640826, 0.00786198, 2.196282, 277.6344, 3.023463
-2.359972, 06/04/2019 04:00:09.359, 0.01062718, -0.02644879, 0.007967323, 2.17201, 277.4579, 3.041373
-2.300556, 06/04/2019 04:00:09.370, 0.01057878, -0.02649084, 0.00805094, 2.158707, 277.3383, 2.967453
-2.234149, 06/04/2019 04:00:09.381, 0.01053954, -0.0264655, 0.008177516, 2.19924, 277.1419, 2.917972
-2.160794, 06/04/2019 04:00:09.392, 0.01047896, -0.0264298, 0.008298592, 2.22939, 276.9524, 2.945426
-2.080591, 06/04/2019 04:00:09.403, 0.01041241, -0.02644787, 0.008381062, 2.247938, 276.8281, 2.995243
-1.994027, 06/04/2019 04:00:09.414, 0.01035111, -0.0263969, 0.0085052, 2.255063, 276.663, 3.008541
-1.901434, 06/04/2019 04:00:09.425, 0.01027861, -0.02639687, 0.008601038, 2.243634, 276.4917, 2.953431
-1.803166, 06/04/2019 04:00:09.437, 0.01023694, -0.0264505, 0.008675647, 2.228898, 276.3803, 2.911107
-1.700045, 06/04/2019 04:00:09.449, 0.01017178, -0.02646906, 0.008781724, 2.173639, 276.2161, 2.83735
-1.592776, 06/04/2019 04:00:09.459, 0.01012805, -0.02639337, 0.008888965, 2.236431, 276.0542, 2.879081
-1.482103, 06/04/2019 04:00:09.470, 0.01007541, -0.02638771, 0.008949603, 2.249204, 275.9676, 2.940057
-1.369159, 06/04/2019 04:00:09.481, 0.01003066, -0.02637554, 0.009026516, 2.230254, 275.8279, 2.99927
-1.254999, 06/04/2019 04:00:09.492, 0.009966147, -0.02637347, 0.009122805, 2.206636, 275.6865, 2.948889
-1.140806, 06/04/2019 04:00:09.504, 0.009927224, -0.02641209, 0.009182801, 2.163721, 275.5996, 2.935081
-1.027807, 06/04/2019 04:00:09.514, 0.009885698, -0.02643053, 0.009246002, 2.163244, 275.4948, 2.954004
-0.917191, 06/04/2019 04:00:09.525, 0.009846572, -0.02643583, 0.009304679, 2.183505, 275.3892, 2.945925
-0.8103468, 06/04/2019 04:00:09.536, 0.009803132, -0.02644158, 0.009351589, 2.179761, 275.3204, 2.928335
-0.7082304, 06/04/2019 04:00:09.548, 0.009778542, -0.02643051, 0.009408134, 2.218712, 275.2311, 2.938246
-0.6118072, 06/04/2019 04:00:09.559, 0.009741568, -0.02642761, 0.009459104, 2.234922, 275.1534, 2.906476
-0.5222428, 06/04/2019 04:00:09.570, 0.009728835, -0.02637913, 0.009504355, 2.272214, 275.111, 2.924489
-0.4400006, 06/04/2019 04:00:09.581, 0.009701945, -0.0263823, 0.009539425, 2.26428, 275.0565, 2.936364
-0.3654976, 06/04/2019 04:00:09.592, 0.00968416, -0.02636144, 0.009581612, 2.299839, 275.0012, 2.936267
-0.299287, 06/04/2019 04:00:09.603, 0.009670733, -0.02634213, 0.009602612, 2.331256, 274.9724, 2.947421
-0.2412079, 06/04/2019 04:00:09.614, 0.009644204, -0.02632603, 0.009626961, 2.320924, 274.9318, 2.956053
-0.1910193, 06/04/2019 04:00:09.625, 0.009637795, -0.02632141, 0.00963802, 2.32123, 274.91, 2.967735
-0.1486207, 06/04/2019 04:00:09.636, 0.009614684, -0.02632292, 0.009658808, 2.344664, 274.8786, 2.957959
-0.113367, 06/04/2019 04:00:09.648, 0.009602122, -0.02634135, 0.009670261, 2.368487, 274.8475, 2.957075
-0.08455071, 06/04/2019 04:00:09.658, 0.009593936, -0.02634678, 0.00968065, 2.361341, 274.8346, 2.964353
-0.06162946, 06/04/2019 04:00:09.670, 0.009588882, -0.02633223, 0.00968683, 2.345607, 274.8156, 2.968307
-0.04377337, 06/04/2019 04:00:09.681, 0.009589991, -0.02635041, 0.009689422, 2.340983, 274.8135, 2.953794
-0.03014448, 06/04/2019 04:00:09.692, 0.009586409, -0.02636477, 0.009689516, 2.3543, 274.8062, 2.945795
-0.02009263, 06/04/2019 04:00:09.703, 0.009580442, -0.02634362, 0.009695495, 2.367168, 274.8062, 2.978891
-0.01286473, 06/04/2019 04:00:09.714, 0.009576535, -0.0263539, 0.009690689, 2.350781, 274.7938, 2.944153
-0.007830879, 06/04/2019 04:00:09.725, 0.009575668, -0.0263213, 0.009709042, 2.328499, 274.8037, 2.957409
-0.004483286, 06/04/2019 04:00:09.737, 0.00957929, -0.02633257, 0.009700933, 2.348427, 274.7978, 2.96092
-0.002374929, 06/04/2019 04:00:09.747, 0.009571536, -0.02635301, 0.009703076, 2.364506, 274.7974, 2.964324
-0.001122521, 06/04/2019 04:00:09.759, 0.009577858, -0.02631692, 0.009705443, 2.338664, 274.7962, 2.973259
-0.0004573654, 06/04/2019 04:00:09.769, 0.009568837, -0.02633165, 0.009703342, 2.333375, 274.7942, 2.964328
-0.0001542493, 06/04/2019 04:00:09.780, 0.00957193, -0.02635264, 0.009697081, 2.364769, 274.7934, 2.964112
-3.796034E-05, 06/04/2019 04:00:09.792, 0.009571022, -0.02632697, 0.009710033, 2.348044, 274.8009, 2.970848
-5.524079E-06, 06/04/2019 04:00:09.803, 0.009573812, -0.02633889, 0.00970092, 2.34418, 274.7925, 2.958725
-2.832861E-07, 06/04/2019 04:00:09.814, 0.009572433, -0.02633715, 0.009694955, 2.362766, 274.7963, 2.971977
0, 06/04/2019 04:00:09.825, 0.009567628, -0.02635166, 0.00969133, 2.342366, 274.7904, 2.945024
0, 06/04/2019 04:00:09.836, 0.009570321, -0.0263349, 0.009696331, 2.336915, 274.7931, 2.967224
0, 06/04/2019 04:00:09.847, 0.009566432, -0.02635396, 0.009696516, 2.385604, 274.7862, 2.958197
0, 06/04/2019 04:00:09.858, 0.009572577, -0.02632452, 0.009719935, 2.365105, 274.7958, 2.981438
0, 06/04/2019 04:00:09.870, 0.009568098, -0.02631064, 0.009719608, 2.329214, 274.7967, 2.961433
0, 06/04/2019 04:00:09.881, 0.009570282, -0.02634719, 0.009711133, 2.348262, 274.7983, 2.973608
0, 06/04/2019 04:00:09.892, 0.009576075, -0.02633416, 0.009708938, 2.349893, 274.7919, 2.950104
0, 06/04/2019 04:00:09.903, 0.009571023, -0.02635125, 0.009712514, 2.329226, 274.7943, 2.959537
-0.0001144476, 06/04/2019 04:00:09.914, 0.009573269, -0.02635048, 0.009700711, 2.361076, 274.7965, 2.967308
-0.0002730878, 06/04/2019 04:00:09.926, 0.009569111, -0.0263462, 0.009707248, 2.359822, 274.798, 2.964004
-0.0005321529, 06/04/2019 04:00:09.936, 0.009570247, -0.02634418, 0.009705727, 2.34253, 274.798, 2.958645
-0.0008184136, 06/04/2019 04:00:09.947, 0.009579989, -0.02634216, 0.009703239, 2.354635, 274.7938, 2.958878
-0.0008188385, 06/04/2019 04:00:09.958, 0.009574606, -0.0263527, 0.009701683, 2.363723, 274.7961, 2.980164
0.0003573654, 06/04/2019 04:00:09.970, 0.009572284, -0.02633499, 0.009708903, 2.33805, 274.8009, 2.964424
0.003370113, 06/04/2019 04:00:09.980, 0.009567835, -0.02631538, 0.009723193, 2.366042, 274.7939, 2.988261
0.009998726, 06/04/2019 04:00:09.992, 0.009574726, -0.02632663, 0.009702526, 2.349311, 274.7933, 2.954408
0.02158286, 06/04/2019 04:00:10.003, 0.009573714, -0.02635112, 0.009711195, 2.358436, 274.7936, 2.965891
0.03887833, 06/04/2019 04:00:10.014, 0.009576278, -0.02636738, 0.009699399, 2.364449, 274.7919, 2.948991
0.06200128, 06/04/2019 04:00:10.025, 0.00957585, -0.02635296, 0.009697876, 2.338741, 274.7964, 2.955125
0.08993017, 06/04/2019 04:00:10.036, 0.009569617, -0.02634558, 0.00971727, 2.348372, 274.7975, 2.966123
0.1212698, 06/04/2019 04:00:10.047, 0.009566065, -0.02635078, 0.009702929, 2.352473, 274.7944, 2.969712
0.1547921, 06/04/2019 04:00:10.059, 0.009564804, -0.0263497, 0.009709531, 2.354088, 274.7947, 2.975876
0.1896538, 06/04/2019 04:00:10.070, 0.009561069, -0.02634848, 0.009701989, 2.359997, 274.7896, 2.957469
0.225702, 06/04/2019 04:00:10.081, 0.009563095, -0.02633326, 0.009702281, 2.364742, 274.7999, 2.972141
0.2633149, 06/04/2019 04:00:10.092, 0.009567983, -0.02635861, 0.009697895, 2.34819, 274.8004, 2.963046
0.3030615, 06/04/2019 04:00:10.103, 0.009576436, -0.02633277, 0.00970013, 2.356806, 274.8056, 2.981668
0.3457197, 06/04/2019 04:00:10.114, 0.009576907, -0.02633604, 0.009696792, 2.344865, 274.8156, 2.955159
0.3909872, 06/04/2019 04:00:10.125, 0.009581871, -0.02634616, 0.009692174, 2.338442, 274.8229, 2.939984
0.4397554, 06/04/2019 04:00:10.136, 0.009582277, -0.02632503, 0.009688159, 2.346551, 274.8358, 2.96202
0.4920563, 06/04/2019 04:00:10.147, 0.009594781, -0.02632947, 0.009675199, 2.357423, 274.8478, 2.959309
0.5480764, 06/04/2019 04:00:10.159, 0.009599846, -0.02632083, 0.009670835, 2.347666, 274.8623, 2.953982
0.6079763, 06/04/2019 04:00:10.169, 0.009619337, -0.02636045, 0.00965089, 2.312274, 274.8898, 2.947547
0.6717409, 06/04/2019 04:00:10.181, 0.009638866, -0.02632423, 0.009629401, 2.324078, 274.9201, 2.972262
0.7394951, 06/04/2019 04:00:10.192, 0.009656014, -0.02634653, 0.009608981, 2.329184, 274.9584, 2.936187
0.8113309, 06/04/2019 04:00:10.203, 0.009665935, -0.02633892, 0.00959804, 2.314116, 274.9791, 2.929092
0.8871105, 06/04/2019 04:00:10.214, 0.009685428, -0.02634776, 0.009575266, 2.294918, 275.0145, 2.930071
0.9668405, 06/04/2019 04:00:10.225, 0.009686646, -0.02636983, 0.009556205, 2.28226, 275.0414, 2.925493
1.05052, 06/04/2019 04:00:10.236, 0.009710037, -0.02637941, 0.009511431, 2.263604, 275.0964, 2.917875
1.137863, 06/04/2019 04:00:10.247, 0.00972711, -0.02641848, 0.009473473, 2.260433, 275.1434, 2.914712
1.228666, 06/04/2019 04:00:10.258, 0.009760473, -0.02643364, 0.009432936, 2.231283, 275.2097, 2.926143
1.322722, 06/04/2019 04:00:10.269, 0.009772548, -0.02645615, 0.009395971, 2.219213, 275.2508, 2.945153
1.419523, 06/04/2019 04:00:10.280, 0.00980579, -0.02647639, 0.009343822, 2.192288, 275.3288, 2.936613
1.518644, 06/04/2019 04:00:10.292, 0.00984549, -0.02644858, 0.009299766, 2.186145, 275.4019, 2.954833
1.619644, 06/04/2019 04:00:10.303, 0.009870842, -0.02644416, 0.009272604, 2.180544, 275.4605, 2.957329
1.721868, 06/04/2019 04:00:10.314, 0.009902578, -0.02644185, 0.009215606, 2.155263, 275.5605, 2.935029
1.824717, 06/04/2019 04:00:10.326, 0.009951257, -0.02638895, 0.009147908, 2.21164, 275.6501, 2.960522
1.927538, 06/04/2019 04:00:10.336, 0.009976633, -0.02642161, 0.009076004, 2.232636, 275.7415, 3.020902
2.029651, 06/04/2019 04:00:10.347, 0.0100352, -0.02640201, 0.009001439, 2.224858, 275.8526, 2.969202
2.130418, 06/04/2019 04:00:10.359, 0.01008725, -0.02642565, 0.008929717, 2.253244, 275.9734, 2.921415
2.229107, 06/04/2019 04:00:10.369, 0.01013455, -0.02647401, 0.008869858, 2.234308, 276.0627, 2.862516
2.325165, 06/04/2019 04:00:10.380, 0.01017678, -0.02648175, 0.008778008, 2.171249, 276.197, 2.850018
2.418055, 06/04/2019 04:00:10.392, 0.01022748, -0.02648622, 0.00868069, 2.200959, 276.351, 2.888706
2.507152, 06/04/2019 04:00:10.403, 0.01027237, -0.02644362, 0.008609072, 2.228187, 276.4628, 2.918665
2.592134, 06/04/2019 04:00:10.414, 0.01032864, -0.02641271, 0.008511564, 2.258486, 276.6102, 2.974321
2.672724, 06/04/2019 04:00:10.425, 0.01041599, -0.02642632, 0.008416363, 2.254894, 276.787, 3.007366
2.748538, 06/04/2019 04:00:10.436, 0.01046142, -0.02641318, 0.008325481, 2.242277, 276.9072, 2.977306
2.819513, 06/04/2019 04:00:10.447, 0.01053189, -0.02643514, 0.008209823, 2.20588, 277.0938, 2.913801
2.885638, 06/04/2019 04:00:10.458, 0.01056208, -0.02644761, 0.008126824, 2.187908, 277.2406, 2.943166
2.946764, 06/04/2019 04:00:10.469, 0.01062596, -0.02644304, 0.007971079, 2.160339, 277.4316, 3.042197
3.002999, 06/04/2019 04:00:10.480, 0.01071647, -0.02640962, 0.007867932, 2.191473, 277.6184, 3.047605
3.054539, 06/04/2019 04:00:10.491, 0.01078803, -0.02646906, 0.007778108, 2.175617, 277.7596, 2.97903
3.101411, 06/04/2019 04:00:10.503, 0.0108984, -0.02644661, 0.00763576, 2.128026, 277.986, 2.970233
3.143796, 06/04/2019 04:00:10.514, 0.01097745, -0.02642301, 0.007465173, 2.205256, 278.193, 2.994674
3.181951, 06/04/2019 04:00:10.525, 0.01107432, -0.02641428, 0.007314296, 2.185939, 278.416, 2.979421
3.21594, 06/04/2019 04:00:10.536, 0.01110457, -0.02641952, 0.007223728, 2.212711, 278.5594, 2.978723
3.245894, 06/04/2019 04:00:10.547, 0.01118324, -0.02648214, 0.007064096, 2.143771, 278.8096, 3.000369
3.272043, 06/04/2019 04:00:10.558, 0.01129224, -0.02647498, 0.00693362, 2.182775, 279.0395, 3.001691
3.294449, 06/04/2019 04:00:10.570, 0.01133339, -0.02648726, 0.006818707, 2.159056, 279.2001, 3.003138
3.313169, 06/04/2019 04:00:10.581, 0.01143621, -0.02646734, 0.006647661, 2.122361, 279.4602, 2.969516
3.328392, 06/04/2019 04:00:10.592, 0.01151014, -0.02642817, 0.006563704, 2.104578, 279.6179, 2.951456
3.340159, 06/04/2019 04:00:10.603, 0.01158538, -0.02641604, 0.006402746, 2.123389, 279.849, 2.960619
3.348497, 06/04/2019 04:00:10.613, 0.01165005, -0.02644777, 0.006230081, 2.138949, 280.0896, 2.981673
3.353626, 06/04/2019 04:00:10.625, 0.01174919, -0.02642043, 0.006074667, 2.146393, 280.3173, 3.010505
3.355633, 06/04/2019 04:00:10.636, 0.01180232, -0.02646501, 0.005950112, 2.125015, 280.4953, 2.966748
3.35457, 06/04/2019 04:00:10.647, 0.01188176, -0.02644936, 0.005767639, 2.156803, 280.7611, 2.988258
3.350714, 06/04/2019 04:00:10.658, 0.01198288, -0.02644647, 0.005610316, 2.196811, 281.0141, 3.003391
3.344243, 06/04/2019 04:00:10.669, 0.01203537, -0.02646541, 0.005496133, 2.192493, 281.1743, 3.01069
3.335317, 06/04/2019 04:00:10.681, 0.01210303, -0.02647031, 0.005350155, 2.174578, 281.4238, 2.979538
3.324304, 06/04/2019 04:00:10.691, 0.01216362, -0.0264753, 0.00522579, 2.168748, 281.5982, 2.973269
3.311485, 06/04/2019 04:00:10.703, 0.01227491, -0.02641964, 0.005046659, 2.177262, 281.8574, 2.945605
3.2971, 06/04/2019 04:00:10.714, 0.01236598, -0.02637378, 0.00488504, 2.154219, 282.1003, 2.92782
3.281526, 06/04/2019 04:00:10.725, 0.01242019, -0.02636248, 0.00476461, 2.165926, 282.2729, 2.962211
3.265077, 06/04/2019 04:00:10.736, 0.01249451, -0.02642442, 0.004609464, 2.095571, 282.509, 2.922942
3.248073, 06/04/2019 04:00:10.747, 0.01256409, -0.02649086, 0.00441171, 2.061903, 282.7729, 3.019632
3.230858, 06/04/2019 04:00:10.759, 0.01266408, -0.02649602, 0.004232452, 2.116237, 283.0116, 2.967653
3.213728, 06/04/2019 04:00:10.770, 0.0127391, -0.02649843, 0.004111045, 2.157262, 283.1861, 2.989879
3.196973, 06/04/2019 04:00:10.781, 0.01280084, -0.02643953, 0.003963548, 2.159417, 283.441, 3.010133
3.180828, 06/04/2019 04:00:10.792, 0.01288033, -0.02644994, 0.003788481, 2.150395, 283.6817, 2.972647
3.165486, 06/04/2019 04:00:10.803, 0.01291377, -0.02646316, 0.003676561, 2.100857, 283.8339, 2.941633
3.15116, 06/04/2019 04:00:10.814, 0.01301118, -0.02644369, 0.003510628, 2.127526, 284.0822, 3.00629
3.137964, 06/04/2019 04:00:10.825, 0.0130555, -0.02643266, 0.003404001, 2.11415, 284.2352, 3.04766
3.125982, 06/04/2019 04:00:10.836, 0.01315028, -0.02637533, 0.003245868, 2.189635, 284.4686, 3.032642
3.115295, 06/04/2019 04:00:10.847, 0.01320508, -0.02644073, 0.003069286, 2.118619, 284.7128, 2.97139
3.105893, 06/04/2019 04:00:10.858, 0.0132465, -0.0264486, 0.002970448, 2.125453, 284.8682, 2.965834
3.097729, 06/04/2019 04:00:10.869, 0.01332578, -0.02648765, 0.002791333, 2.140092, 285.0907, 2.965592
3.090789, 06/04/2019 04:00:10.881, 0.01337947, -0.02645475, 0.002631216, 2.143332, 285.3352, 3.064514
3.084986, 06/04/2019 04:00:10.892, 0.01342318, -0.02646471, 0.002517799, 2.136079, 285.4876, 3.060349
3.080217, 06/04/2019 04:00:10.903, 0.01348284, -0.02643647, 0.002359269, 2.122061, 285.7415, 3.023587
3.076412, 06/04/2019 04:00:10.914, 0.0135762, -0.02637405, 0.002205399, 2.125995, 285.9714, 2.989003
3.073466, 06/04/2019 04:00:10.925, 0.01358621, -0.0264015, 0.002104026, 2.138766, 286.1316, 2.96445
3.071261, 06/04/2019 04:00:10.936, 0.0136737, -0.02636607, 0.00195227, 2.131197, 286.3632, 2.98108
3.069723, 06/04/2019 04:00:10.947, 0.01373789, -0.02644412, 0.001798369, 2.106657, 286.5867, 2.9886
3.068782, 06/04/2019 04:00:10.958, 0.01378317, -0.02642439, 0.001680679, 2.094255, 286.7372, 3.019254
3.068352, 06/04/2019 04:00:10.969, 0.01385642, -0.0264279, 0.001490649, 2.150254, 286.9576, 3.004262
3.068373, 06/04/2019 04:00:10.980, 0.01392934, -0.02642748, 0.001335096, 2.136351, 287.1824, 3.05067
3.068785, 06/04/2019 04:00:10.992, 0.01398396, -0.02640807, 0.00116855, 2.136488, 287.4116, 3.078899
3.069507, 06/04/2019 04:00:11.002, 0.01402904, -0.02644717, 0.001033428, 2.109962, 287.5627, 3.009902
3.070436, 06/04/2019 04:00:11.014, 0.01406681, -0.0264897, 0.0008787357, 2.09309, 287.7908, 3.046965
3.071439, 06/04/2019 04:00:11.024, 0.01410457, -0.02651715, 0.000765868, 2.039591, 287.9474, 2.991028
3.07233, 06/04/2019 04:00:11.035, 0.01417497, -0.02647433, 0.0006288567, 2.040617, 288.1765, 3.000434
3.072883, 06/04/2019 04:00:11.047, 0.01425616, -0.02640356, 0.0004826429, 2.129834, 288.4067, 3.087581
3.072769, 06/04/2019 04:00:11.058, 0.01428758, -0.02641044, 0.0003642888, 2.117404, 288.5616, 3.074535
3.071647, 06/04/2019 04:00:11.069, 0.01435503, -0.02646229, 0.0001939165, 2.078887, 288.799, 2.925211
3.069093, 06/04/2019 04:00:11.080, 0.01441567, -0.02646383, 3.299694E-05, 2.121891, 289.047, 2.925449
3.064527, 06/04/2019 04:00:11.092, 0.01446838, -0.02641711, -6.068464E-05, 2.130545, 289.1841, 2.989938
3.057459, 06/04/2019 04:00:11.103, 0.01451513, -0.02644895, -0.0002369205, 2.145078, 289.404, 3.039335
3.047293, 06/04/2019 04:00:11.114, 0.0145621, -0.02650256, -0.0004129673, 2.136491, 289.6357, 3.00158
3.033192, 06/04/2019 04:00:11.125, 0.01460164, -0.0265224, -0.0005369462, 2.093568, 289.7879, 2.972553
3.014647, 06/04/2019 04:00:11.136, 0.01466036, -0.02650451, -0.0006931539, 2.04497, 290.0297, 3.01619
2.991021, 06/04/2019 04:00:11.147, 0.01472324, -0.02644461, -0.0008744582, 2.03748, 290.2624, 3.025021
2.961447, 06/04/2019 04:00:11.158, 0.0147437, -0.02645272, -0.0009729636, 2.05252, 290.4044, 3.025448
2.925546, 06/04/2019 04:00:11.169, 0.01480137, -0.02647679, -0.001130023, 2.051436, 290.6411, 2.973135
2.882852, 06/04/2019 04:00:11.180, 0.01487773, -0.02643465, -0.001303001, 2.081442, 290.8534, 3.011889
2.83265, 06/04/2019 04:00:11.191, 0.0149062, -0.02645304, -0.001413559, 2.083337, 290.998, 3.046018
2.774801, 06/04/2019 04:00:11.202, 0.01496201, -0.02643885, -0.001574209, 2.081999, 291.2368, 2.963896
2.709155, 06/04/2019 04:00:11.213, 0.01498799, -0.02647063, -0.001722864, 2.135869, 291.4665, 2.970381
2.635361, 06/04/2019 04:00:11.224, 0.01499615, -0.02648309, -0.001821269, 2.144389, 291.6129, 2.984594
2.553624, 06/04/2019 04:00:11.235, 0.01503653, -0.02653069, -0.00198506, 2.119455, 291.8291, 3.008994
2.464232, 06/04/2019 04:00:11.246, 0.01511138, -0.02645131, -0.002134274, 2.112203, 292.051, 3.076337
2.367301, 06/04/2019 04:00:11.258, 0.01514504, -0.02645222, -0.002252544, 2.155535, 292.1767, 3.034792
2.263423, 06/04/2019 04:00:11.269, 0.01519203, -0.02646636, -0.002420436, 2.116043, 292.3806, 3.054847
2.153314, 06/04/2019 04:00:11.280, 0.01520564, -0.02645705, -0.002538631, 2.085404, 292.5697, 3.055453
2.037577, 06/04/2019 04:00:11.291, 0.01522876, -0.02645401, -0.002611401, 2.084163, 292.6922, 3.073225
1.917133, 06/04/2019 04:00:11.302, 0.01526295, -0.02642115, -0.002720888, 2.031524, 292.8707, 3.070136
1.793041, 06/04/2019 04:00:11.313, 0.01529897, -0.02646358, -0.002871956, 2.045557, 293.0469, 3.010839
1.666294, 06/04/2019 04:00:11.325, 0.01533585, -0.02644787, -0.00294989, 2.085098, 293.1609, 3.026185
1.538084, 06/04/2019 04:00:11.336, 0.01535831, -0.02646715, -0.00308344, 2.032879, 293.3355, 3.019629
1.409636, 06/04/2019 04:00:11.347, 0.01538986, -0.02642243, -0.003202756, 2.053458, 293.4898, 3.086649
1.282177, 06/04/2019 04:00:11.358, 0.01539849, -0.02643955, -0.003260236, 2.071761, 293.5789, 3.113174
1.15699, 06/04/2019 04:00:11.369, 0.01543843, -0.0264436, -0.003349494, 2.067165, 293.7117, 3.029094
1.035185, 06/04/2019 04:00:11.380, 0.01546555, -0.02645459, -0.003436132, 2.043999, 293.8233, 2.99414
0.9179125, 06/04/2019 04:00:11.391, 0.01549423, -0.0264242, -0.003483125, 2.040673, 293.8937, 3.023854
0.8063225, 06/04/2019 04:00:11.402, 0.01549479, -0.02640289, -0.003550026, 2.043815, 294.0128, 3.019829
0.7011321, 06/04/2019 04:00:11.413, 0.01550788, -0.02641707, -0.003616414, 2.022408, 294.092, 2.99118
0.6031388, 06/04/2019 04:00:11.424, 0.01551255, -0.02642995, -0.003666857, 2.014714, 294.1478, 3.006393
0.5131494, 06/04/2019 04:00:11.435, 0.01553283, -0.02643924, -0.003725489, 2.039095, 294.2109, 2.993589
0.4312803, 06/04/2019 04:00:11.447, 0.01555843, -0.0264494, -0.003763815, 2.060715, 294.2814, 3.028681
0.3577758, 06/04/2019 04:00:11.458, 0.01555477, -0.02648576, -0.003807715, 2.040651, 294.3237, 3.011833
0.2929504, 06/04/2019 04:00:11.469, 0.01556406, -0.02648436, -0.003834395, 2.042951, 294.3604, 3.01638
0.2363065, 06/04/2019 04:00:11.480, 0.01557581, -0.02648951, -0.003868761, 2.050128, 294.3948, 2.994083
0.1875483, 06/04/2019 04:00:11.491, 0.01557967, -0.0265058, -0.003882594, 2.054161, 294.4125, 3.009563
0.1465344, 06/04/2019 04:00:11.503, 0.01557379, -0.0264943, -0.003908762, 2.068337, 294.4421, 3.012385
0.1123545, 06/04/2019 04:00:11.513, 0.01557983, -0.0264946, -0.003930519, 2.096844, 294.4673, 3.013239
0.08438002, 06/04/2019 04:00:11.524, 0.01557869, -0.02648752, -0.003929745, 2.081691, 294.475, 3.010153
0.06213314, 06/04/2019 04:00:11.535, 0.01557577, -0.02649463, -0.003943593, 2.087121, 294.4885, 3.027099
0.04464561, 06/04/2019 04:00:11.546, 0.01557656, -0.02649506, -0.003959494, 2.054492, 294.4969, 3.010643
0.03120142, 06/04/2019 04:00:11.558, 0.01558122, -0.02648651, -0.003961612, 2.075069, 294.4922, 2.999071
0.02122819, 06/04/2019 04:00:11.569, 0.01558092, -0.02649884, -0.003958145, 2.074114, 294.5049, 3.019822
0.01395283, 06/04/2019 04:00:11.580, 0.01558055, -0.02649328, -0.003963391, 2.083366, 294.5043, 3.027215
0.008795467, 06/04/2019 04:00:11.591, 0.01557394, -0.02648439, -0.003967714, 2.07643, 294.5089, 3.004314
0.005310623, 06/04/2019 04:00:11.602, 0.01557817, -0.02651082, -0.003963266, 2.067718, 294.5133, 3.001434
0.003030878, 06/04/2019 04:00:11.613, 0.01557685, -0.02650072, -0.003972182, 2.083506, 294.5082, 3.005172
0.001609065, 06/04/2019 04:00:11.625, 0.01558133, -0.02649188, -0.003972287, 2.089445, 294.5079, 2.993484
0.0007913598, 06/04/2019 04:00:11.636, 0.01557436, -0.02650629, -0.00397283, 2.070765, 294.5078, 3.004141
0.0003528329, 06/04/2019 04:00:11.647, 0.01558029, -0.02648306, -0.003972903, 2.067832, 294.507, 2.997008
0.000138102, 06/04/2019 04:00:11.658, 0.01558058, -0.02649745, -0.003964787, 2.075944, 294.5118, 2.991711
4.617564E-05, 06/04/2019 04:00:11.669, 0.01558396, -0.02648932, -0.003966779, 2.065021, 294.5085, 2.989643
1.246459E-05, 06/04/2019 04:00:11.680, 0.01559116, -0.02648234, -0.003963802, 2.050909, 294.5127, 2.99499
2.832861E-06, 06/04/2019 04:00:11.691, 0.01558458, -0.02649716, -0.003962099, 2.08097, 294.5131, 3.011559
5.665722E-07, 06/04/2019 04:00:11.703, 0.01558323, -0.02647834, -0.003961026, 2.069897, 294.5113, 2.999873
0, 06/04/2019 04:00:11.713, 0.01557972, -0.02649235, -0.003962359, 2.072168, 294.5078, 3.021932
0, 06/04/2019 04:00:11.724, 0.01558233, -0.02647837, -0.003961867, 2.06392, 294.5096, 2.996155
0, 06/04/2019 04:00:11.735, 0.01558144, -0.0264877, -0.003966985, 2.062722, 294.5101, 3.001674
0, 06/04/2019 04:00:11.746, 0.01558102, -0.02646831, -0.003962453, 2.067129, 294.5062, 2.990054
0, 06/04/2019 04:00:11.758, 0.01558469, -0.02648107, -0.003958402, 2.075178, 294.5134, 2.988843
0, 06/04/2019 04:00:11.768, 0.01558557, -0.02647987, -0.003959766, 2.087917, 294.51, 3.009865
0, 06/04/2019 04:00:11.780, 0.01558737, -0.02645299, -0.003962073, 2.043293, 294.5119, 2.992615
0, 06/04/2019 04:00:11.791, 0.01558923, -0.02647619, -0.003962196, 2.060753, 294.5107, 2.989077
0, 06/04/2019 04:00:11.802, 0.01559329, -0.02648975, -0.0039645, 2.095906, 294.5095, 3.019768
0, 06/04/2019 04:00:11.813, 0.01558592, -0.02646454, -0.003965674, 2.065949, 294.5074, 2.993323
0, 06/04/2019 04:00:11.825, 0.01559323, -0.02647678, -0.003965146, 2.07893, 294.5118, 2.996532
0, 06/04/2019 04:00:11.835, 0.01558769, -0.02646629, -0.003966576, 2.081224, 294.5077, 2.987293
0, 06/04/2019 04:00:11.846, 0.01558201, -0.02650275, -0.003962701, 2.087499, 294.5139, 3.00918
0, 06/04/2019 04:00:11.858, 0.01558293, -0.02647366, -0.003965596, 2.085172, 294.5117, 3.000564
0, 06/04/2019 04:00:11.869, 0.01557789, -0.02650088, -0.003965092, 2.077079, 294.5079, 3.014616
0, 06/04/2019 04:00:11.880, 0.01558679, -0.02646898, -0.003963543, 2.089923, 294.5113, 2.99695
0, 06/04/2019 04:00:11.891, 0.01558017, -0.02649474, -0.003959738, 2.075437, 294.5098, 3.015353
0, 06/04/2019 04:00:11.902, 0.01558303, -0.02648066, -0.003960497, 2.087925, 294.5061, 3.003812
0.0002005666, 06/04/2019 04:00:11.913, 0.01558155, -0.02649152, -0.003963516, 2.08285, 294.5085, 3.008222
0.0003342776, 06/04/2019 04:00:11.924, 0.01558147, -0.02649918, -0.003957005, 2.096438, 294.507, 3.007667
0.0001645892, 06/04/2019 04:00:11.935, 0.01558074, -0.02648499, -0.003965008, 2.084346, 294.509, 2.996921
-0.001076346, 06/04/2019 04:00:11.946, 0.01558183, -0.02650215, -0.00395714, 2.081138, 294.511, 3.010639
-0.005247734, 06/04/2019 04:00:11.958, 0.01558848, -0.02645749, -0.003965131, 2.091078, 294.5092, 3.008815
-0.01624943, 06/04/2019 04:00:11.969, 0.01558637, -0.02649036, -0.003966766, 2.067398, 294.5103, 2.996597
-0.03644065, 06/04/2019 04:00:11.980, 0.01558412, -0.02648324, -0.003965083, 2.052105, 294.5115, 2.998474
-0.07077634, 06/04/2019 04:00:11.991, 0.01558878, -0.02647829, -0.003972083, 2.069951, 294.5072, 2.980318
-0.1211207, 06/04/2019 04:00:12.003, 0.01558445, -0.02650121, -0.003967529, 2.056933, 294.5119, 3.007511
-0.1866075, 06/04/2019 04:00:12.013, 0.01558687, -0.02648083, -0.003967978, 2.072849, 294.5143, 2.999573
-0.2638741, 06/04/2019 04:00:12.024, 0.01558327, -0.0265047, -0.00397182, 2.087288, 294.5084, 3.018037
-0.3468061, 06/04/2019 04:00:12.035, 0.0155859, -0.0264751, -0.003965273, 2.070141, 294.5074, 3.006385
-0.42995, 06/04/2019 04:00:12.046, 0.01558857, -0.02648372, -0.003968591, 2.076088, 294.5083, 2.987796
-0.5095421, 06/04/2019 04:00:12.057, 0.01558454, -0.02648362, -0.003958642, 2.066188, 294.5094, 3.000429
-0.5845318, 06/04/2019 04:00:12.068, 0.01557819, -0.02649242, -0.003954905, 2.067092, 294.5012, 3.014198
-0.6560513, 06/04/2019 04:00:12.079, 0.01557354, -0.02649325, -0.003946769, 2.071768, 294.4917, 3.006965
-0.7262052, 06/04/2019 04:00:12.091, 0.01557533, -0.02647493, -0.003933509, 2.070579, 294.4748, 2.994911
-0.7974422, 06/04/2019 04:00:12.102, 0.0155707, -0.02647249, -0.003906006, 2.05168, 294.4548, 3.014931
-0.8723729, 06/04/2019 04:00:12.113, 0.01556375, -0.02648289, -0.003868395, 2.04189, 294.4126, 3.005598
-0.9504886, 06/04/2019 04:00:12.124, 0.01556484, -0.02645905, -0.003840632, 2.043993, 294.386, 3.010099
-1.034288, 06/04/2019 04:00:12.135, 0.01554657, -0.02646179, -0.003818168, 2.048148, 294.3453, 3.020435
-1.124062, 06/04/2019 04:00:12.146, 0.01554316, -0.02642844, -0.003781961, 2.045243, 294.2871, 3.031708
-1.220282, 06/04/2019 04:00:12.158, 0.01553775, -0.02644545, -0.003760239, 2.062489, 294.2451, 3.015092
-1.323284, 06/04/2019 04:00:12.168, 0.01551973, -0.02644151, -0.003720098, 2.019799, 294.1699, 2.998309
-1.433039, 06/04/2019 04:00:12.179, 0.01550448, -0.02642745, -0.003664013, 2.035, 294.1019, 3.007138
-1.549668, 06/04/2019 04:00:12.191, 0.01550446, -0.02642345, -0.003614129, 2.036788, 294.0487, 3.014288
-1.673178, 06/04/2019 04:00:12.202, 0.01550227, -0.02641663, -0.003560126, 2.060379, 293.9531, 3.035907
-1.803097, 06/04/2019 04:00:12.213, 0.01549298, -0.02644366, -0.003485297, 2.053169, 293.8606, 3.013369
-1.939083, 06/04/2019 04:00:12.224, 0.01546079, -0.02647096, -0.003441547, 2.043536, 293.7973, 3.00104
-2.080683, 06/04/2019 04:00:12.235, 0.01543144, -0.02645765, -0.003350887, 2.069676, 293.6922, 3.025143
-2.226965, 06/04/2019 04:00:12.246, 0.01539845, -0.02644141, -0.003265605, 2.083229, 293.5753, 3.09405
-2.377084, 06/04/2019 04:00:12.257, 0.01539281, -0.02642728, -0.003206933, 2.06337, 293.4881, 3.089507
-2.530067, 06/04/2019 04:00:12.268, 0.01536263, -0.02644065, -0.003097881, 2.03868, 293.3586, 3.066998
-2.684631, 06/04/2019 04:00:12.280, 0.01534096, -0.0264494, -0.002977799, 2.09381, 293.1909, 3.030574
-2.839552, 06/04/2019 04:00:12.291, 0.01530193, -0.02646441, -0.002897522, 2.048797, 293.0738, 3.012079
-2.993407, 06/04/2019 04:00:12.302, 0.01528181, -0.02641705, -0.002748538, 2.024853, 292.9064, 3.077341
-3.144807, 06/04/2019 04:00:12.313, 0.01522737, -0.02642041, -0.002631359, 2.035306, 292.7285, 3.017202
-3.292366, 06/04/2019 04:00:12.324, 0.01521034, -0.02643804, -0.002542262, 2.03958, 292.6109, 3.025171
-3.434406, 06/04/2019 04:00:12.335, 0.01518617, -0.02642914, -0.00241244, 2.119502, 292.3972, 3.070933
-3.56974, 06/04/2019 04:00:12.346, 0.01513902, -0.0264307, -0.002229643, 2.149223, 292.1822, 3.027881
-3.697117, 06/04/2019 04:00:12.357, 0.01509793, -0.02642155, -0.002100766, 2.112121, 292.0381, 3.073754
-3.814968, 06/04/2019 04:00:12.368, 0.01500825, -0.02649992, -0.001931782, 2.137914, 291.7895, 2.991418
-3.922537, 06/04/2019 04:00:12.379, 0.01496795, -0.0264836, -0.001760897, 2.141296, 291.5353, 2.975349
-4.019015, 06/04/2019 04:00:12.391, 0.0149539, -0.02642356, -0.001634303, 2.106738, 291.3628, 2.969014
-4.103263, 06/04/2019 04:00:12.402, 0.0148943, -0.02640413, -0.001433719, 2.089549, 291.0716, 3.036857
-4.175083, 06/04/2019 04:00:12.413, 0.01482669, -0.02644639, -0.001238062, 2.083223, 290.7771, 2.99838
-4.234294, 06/04/2019 04:00:12.424, 0.01476935, -0.02643477, -0.001101052, 2.038504, 290.6106, 3.009594
-4.280369, 06/04/2019 04:00:12.435, 0.01470766, -0.0264366, -0.0009001087, 2.029293, 290.3094, 3.051426
-4.313644, 06/04/2019 04:00:12.447, 0.01462603, -0.02649731, -0.0006677293, 2.054322, 289.9957, 3.024334
-4.334554, 06/04/2019 04:00:12.458, 0.01459375, -0.0264929, -0.0005152723, 2.116826, 289.7838, 2.975679
-4.343192, 06/04/2019 04:00:12.468, 0.01452389, -0.02641795, -0.0002717445, 2.15798, 289.4587, 3.044789
-4.340298, 06/04/2019 04:00:12.480, 0.01444207, -0.02642825, -3.253602E-05, 2.132452, 289.1514, 2.976792
-4.326772, 06/04/2019 04:00:12.491, 0.01436277, -0.02644737, 0.0001048081, 2.15289, 288.9325, 2.891699
-4.303184, 06/04/2019 04:00:12.502, 0.01428467, -0.0263749, 0.0003617865, 2.101637, 288.5994, 3.051494
-4.270496, 06/04/2019 04:00:12.513, 0.01421176, -0.02643525, 0.0005845428, 2.067422, 288.261, 3.057857
-4.229845, 06/04/2019 04:00:12.524, 0.01413212, -0.02648688, 0.0007198266, 2.02629, 288.0504, 2.970834
-4.182076, 06/04/2019 04:00:12.535, 0.01404197, -0.02646149, 0.0009408318, 2.082841, 287.7096, 3.023319
-4.128242, 06/04/2019 04:00:12.546, 0.01398104, -0.02638535, 0.00118717, 2.11751, 287.3958, 3.066794
-4.069537, 06/04/2019 04:00:12.557, 0.01392913, -0.02642827, 0.001351972, 2.12725, 287.1721, 3.017399
-4.006943, 06/04/2019 04:00:12.568, 0.01382185, -0.02645033, 0.001583432, 2.108828, 286.8573, 2.991153
-3.941534, 06/04/2019 04:00:12.579, 0.01373229, -0.02641745, 0.001828617, 2.119851, 286.5511, 3.018474
-3.874453, 06/04/2019 04:00:12.590, 0.01366627, -0.02638439, 0.001960186, 2.111177, 286.35, 2.986557
-3.806726, 06/04/2019 04:00:12.601, 0.01358238, -0.02640653, 0.002162141, 2.12864, 286.037, 2.990116
-3.739435, 06/04/2019 04:00:12.613, 0.01347748, -0.02643784, 0.002358618, 2.110678, 285.735, 3.034885
-3.67359, 06/04/2019 04:00:12.624, 0.01343973, -0.02643347, 0.002490035, 2.166777, 285.5052, 3.074174
-3.610169, 06/04/2019 04:00:12.635, 0.01335367, -0.02645706, 0.002702486, 2.141557, 285.2172, 3.030242
-3.550216, 06/04/2019 04:00:12.647, 0.01325762, -0.02646902, 0.002905467, 2.139667, 284.9317, 2.978426
-3.494471, 06/04/2019 04:00:12.657, 0.01321155, -0.02645498, 0.003035291, 2.10554, 284.7596, 3.004742
-3.443717, 06/04/2019 04:00:12.669, 0.01314753, -0.02636237, 0.003249719, 2.193285, 284.4652, 3.026077
-3.39885, 06/04/2019 04:00:12.680, 0.01304915, -0.02640752, 0.003424219, 2.092552, 284.2016, 3.026747
-3.360199, 06/04/2019 04:00:12.691, 0.01298582, -0.02643211, 0.003548591, 2.11291, 284.0316, 3.003297
-3.328174, 06/04/2019 04:00:12.702, 0.01291229, -0.02644945, 0.003709432, 2.138769, 283.7687, 2.976196
-3.30336, 06/04/2019 04:00:12.713, 0.01284105, -0.02641979, 0.003927891, 2.184013, 283.5176, 3.009773
-3.285551, 06/04/2019 04:00:12.724, 0.01278358, -0.02642909, 0.004020655, 2.16347, 283.3379, 3.013433
-3.27472, 06/04/2019 04:00:12.735, 0.01269897, -0.02644052, 0.004192611, 2.148481, 283.0794, 2.956115
-3.271056, 06/04/2019 04:00:12.746, 0.01258844, -0.02645202, 0.004367158, 2.071798, 282.8358, 3.012261
-3.274036, 06/04/2019 04:00:12.758, 0.01253102, -0.02644856, 0.004475299, 2.072064, 282.664, 2.963469
-3.283259, 06/04/2019 04:00:12.768, 0.01246278, -0.02639707, 0.004677002, 2.149056, 282.411, 2.954002
-3.29843, 06/04/2019 04:00:12.779, 0.01238773, -0.02638069, 0.004821085, 2.176793, 282.1829, 2.965881
-3.318732, 06/04/2019 04:00:12.791, 0.01234337, -0.02637338, 0.004942636, 2.161097, 282.0139, 2.934489
-3.343454, 06/04/2019 04:00:12.803, 0.01224132, -0.02642036, 0.005110561, 2.153997, 281.7863, 2.947834
-3.371974, 06/04/2019 04:00:12.813, 0.0121416, -0.02647769, 0.005278809, 2.173886, 281.5252, 2.950859
-3.403413, 06/04/2019 04:00:12.824, 0.01209099, -0.02644819, 0.005394736, 2.176652, 281.3575, 3.008981
-3.436968, 06/04/2019 04:00:12.835, 0.01201948, -0.02642759, 0.005567797, 2.200494, 281.1187, 2.990251
-3.471832, 06/04/2019 04:00:12.846, 0.0119356, -0.02644116, 0.005695049, 2.167053, 280.8848, 2.985302
-3.507102, 06/04/2019 04:00:12.857, 0.01185912, -0.02646244, 0.005812785, 2.158852, 280.6947, 2.983881
-3.541917, 06/04/2019 04:00:12.869, 0.01179556, -0.02644912, 0.006002634, 2.148254, 280.431, 2.96069
-3.575388, 06/04/2019 04:00:12.880, 0.0116789, -0.0264384, 0.006175044, 2.156301, 280.1782, 3.02503
-3.606632, 06/04/2019 04:00:12.890, 0.01162313, -0.02642602, 0.006298399, 2.119494, 280.0241, 2.9927
-3.63484, 06/04/2019 04:00:12.901, 0.01154576, -0.02643506, 0.006466609, 2.142766, 279.7713, 2.957526
-3.659123, 06/04/2019 04:00:12.912, 0.01145172, -0.02646664, 0.00663131, 2.139652, 279.5025, 2.928849
-3.678722, 06/04/2019 04:00:12.924, 0.01137357, -0.02645966, 0.006755664, 2.132788, 279.3203, 2.989525
-3.693098, 06/04/2019 04:00:12.935, 0.01126608, -0.02647726, 0.006938427, 2.162298, 279.0393, 2.966392
-3.70156, 06/04/2019 04:00:12.946, 0.01116758, -0.02643855, 0.007108836, 2.187624, 278.7688, 2.986073
-3.703546, 06/04/2019 04:00:12.957, 0.01110453, -0.02642033, 0.007222205, 2.22373, 278.5735, 2.975618
-3.698854, 06/04/2019 04:00:12.968, 0.01100598, -0.02641655, 0.00739603, 2.204607, 278.311, 2.986047
-3.687103, 06/04/2019 04:00:12.979, 0.01091381, -0.02646212, 0.007606163, 2.153298, 278.0397, 2.961307
-3.668, 06/04/2019 04:00:12.990, 0.01081572, -0.02645651, 0.007734119, 2.158389, 277.8535, 2.969494
-3.64176, 06/04/2019 04:00:13.002, 0.01069977, -0.02641003, 0.007903937, 2.18818, 277.5789, 3.034036
-3.608407, 06/04/2019 04:00:13.013, 0.01058823, -0.02647086, 0.008067759, 2.155865, 277.3129, 2.960683
-3.567984, 06/04/2019 04:00:13.024, 0.01053264, -0.02643782, 0.008202737, 2.206038, 277.1216, 2.925381
-3.520983, 06/04/2019 04:00:13.035, 0.01041795, -0.02642345, 0.008380733, 2.267652, 276.8332, 2.999681
-3.467682, 06/04/2019 04:00:13.046, 0.01030832, -0.02641974, 0.008550118, 2.238597, 276.5519, 2.938417
-3.408247, 06/04/2019 04:00:13.057, 0.01023861, -0.02645736, 0.0086638, 2.222957, 276.3851, 2.897761
-3.343243, 06/04/2019 04:00:13.069, 0.01014471, -0.02646923, 0.008837602, 2.204323, 276.1069, 2.847048
-3.272961, 06/04/2019 04:00:13.079, 0.01003508, -0.026381, 0.009005751, 2.228742, 275.8457, 2.993104
-3.197511, 06/04/2019 04:00:13.090, 0.009962938, -0.02637596, 0.009130263, 2.198095, 275.6629, 2.97626
-3.117349, 06/04/2019 04:00:13.102, 0.009852416, -0.02641318, 0.00930138, 2.190642, 275.4086, 2.951641
-3.032642, 06/04/2019 04:00:13.112, 0.00978086, -0.0264283, 0.009399125, 2.210698, 275.2436, 2.947882
-2.943294, 06/04/2019 04:00:13.123, 0.009690708, -0.02634142, 0.009581647, 2.309953, 275.0081, 2.926429
-2.849573, 06/04/2019 04:00:13.135, 0.009564929, -0.0263251, 0.009717057, 2.345316, 274.7611, 2.961144
-2.751504, 06/04/2019 04:00:13.146, 0.009454656, -0.02635948, 0.009859193, 2.288562, 274.5181, 2.944112
-2.648916, 06/04/2019 04:00:13.157, 0.009388654, -0.02635127, 0.009955313, 2.31501, 274.3626, 2.991742
-2.54197, 06/04/2019 04:00:13.168, 0.009285111, -0.02635141, 0.01009255, 2.340223, 274.1489, 2.948705
-2.430752, 06/04/2019 04:00:13.180, 0.009190996, -0.02634193, 0.01022805, 2.313743, 273.9435, 2.986814
-2.315272, 06/04/2019 04:00:13.191, 0.009142538, -0.02636169, 0.01031198, 2.340211, 273.7973, 2.985139
-2.195913, 06/04/2019 04:00:13.202, 0.009062816, -0.02628308, 0.0104692, 2.366794, 273.5782, 2.978718
-2.073065, 06/04/2019 04:00:13.213, 0.009012233, -0.02631618, 0.01059632, 2.262665, 273.3964, 3.003623
-1.947114, 06/04/2019 04:00:13.224, 0.008949367, -0.02633133, 0.01067363, 2.231071, 273.2758, 2.934935
-1.818751, 06/04/2019 04:00:13.235, 0.008861421, -0.02640699, 0.01076318, 2.225803, 273.0864, 2.935372
-1.688718, 06/04/2019 04:00:13.246, 0.008787244, -0.02643031, 0.010864, 2.247795, 272.9206, 2.916143
-1.557855, 06/04/2019 04:00:13.257, 0.008727907, -0.0264167, 0.0109128, 2.258476, 272.8003, 2.918092
-1.427222, 06/04/2019 04:00:13.268, 0.008669298, -0.0264058, 0.01101941, 2.307084, 272.6315, 2.955522
-1.297876, 06/04/2019 04:00:13.280, 0.008607911, -0.02637281, 0.01109371, 2.324494, 272.4922, 2.970598
-1.170981, 06/04/2019 04:00:13.290, 0.0085726, -0.02638897, 0.01113634, 2.28157, 272.4096, 2.96263
-1.047676, 06/04/2019 04:00:13.301, 0.008521587, -0.02639778, 0.0112052, 2.321281, 272.2908, 2.956635
-0.9289441, 06/04/2019 04:00:13.312, 0.008476333, -0.02638766, 0.01128135, 2.305935, 272.1757, 2.978178
-0.8158951, 06/04/2019 04:00:13.324, 0.008442484, -0.02639736, 0.011333, 2.294333, 272.111, 2.978045
-0.709473, 06/04/2019 04:00:13.334, 0.008401502, -0.02635757, 0.01140483, 2.334526, 272.0163, 2.997814
-0.6102538, 06/04/2019 04:00:13.346, 0.008364753, -0.0263693, 0.01146872, 2.300218, 271.9451, 2.998349
-0.5189497, 06/04/2019 04:00:13.358, 0.008345494, -0.02636731, 0.01149199, 2.280306, 271.9091, 3.014897
-0.4360783, 06/04/2019 04:00:13.368, 0.008305619, -0.02637745, 0.01153316, 2.282479, 271.8471, 3.00934
-0.361631, 06/04/2019 04:00:13.379, 0.008291688, -0.02635785, 0.01157629, 2.286401, 271.7929, 3.00826
-0.2957521, 06/04/2019 04:00:13.390, 0.008269629, -0.02636483, 0.01158302, 2.297422, 271.7564, 2.99497
-0.238452, 06/04/2019 04:00:13.401, 0.008244253, -0.02638146, 0.01160267, 2.291878, 271.7216, 2.98786
-0.1891443, 06/04/2019 04:00:13.412, 0.008227958, -0.02638217, 0.01161309, 2.293091, 271.697, 3.005593
-0.1474506, 06/04/2019 04:00:13.424, 0.008207194, -0.02639184, 0.01163609, 2.298416, 271.6698, 3.003909
-0.1129622, 06/04/2019 04:00:13.434, 0.008185241, -0.02638942, 0.0116502, 2.306821, 271.6379, 2.983748
-0.0847585, 06/04/2019 04:00:13.445, 0.008180082, -0.02637972, 0.01166426, 2.306746, 271.6205, 2.98832
-0.06217125, 06/04/2019 04:00:13.457, 0.008169135, -0.02638503, 0.01166472, 2.306905, 271.6166, 2.9975
-0.04460552, 06/04/2019 04:00:13.468, 0.008164017, -0.02639319, 0.01167277, 2.299113, 271.6066, 2.979668
-0.03111204, 06/04/2019 04:00:13.479, 0.008163454, -0.02639441, 0.01167601, 2.301022, 271.602, 2.98341
-0.0210136, 06/04/2019 04:00:13.490, 0.008163369, -0.02639764, 0.01167585, 2.295228, 271.5992, 2.983568
-0.01376303, 06/04/2019 04:00:13.501, 0.008155778, -0.02637996, 0.01168439, 2.299434, 271.5934, 2.987956
-0.0086517, 06/04/2019 04:00:13.512, 0.008162387, -0.02637739, 0.01168573, 2.286624, 271.5929, 2.971053
-0.005183853, 06/04/2019 04:00:13.524, 0.008156392, -0.02637929, 0.01168271, 2.305466, 271.5879, 2.959155
-0.002965722, 06/04/2019 04:00:13.535, 0.008148002, -0.02639333, 0.01168256, 2.312856, 271.5919, 2.988845
-0.001586119, 06/04/2019 04:00:13.546, 0.00815549, -0.02636855, 0.0116884, 2.301976, 271.5901, 2.988028
-0.0007749292, 06/04/2019 04:00:13.557, 0.008144981, -0.02640089, 0.01169158, 2.293591, 271.5874, 2.980484
-0.0003382436, 06/04/2019 04:00:13.567, 0.008150614, -0.02638579, 0.01168173, 2.302487, 271.5918, 2.988265
-0.000122238, 06/04/2019 04:00:13.579, 0.008146568, -0.02639306, 0.01168515, 2.299843, 271.5939, 2.983227
-3.243626E-05, 06/04/2019 04:00:13.590, 0.008152948, -0.02639824, 0.01168262, 2.303015, 271.5911, 2.972172
-5.382436E-06, 06/04/2019 04:00:13.601, 0.008156684, -0.02638146, 0.01168313, 2.305404, 271.5873, 2.965018
-1.416431E-07, 06/04/2019 04:00:13.612, 0.00815288, -0.02639697, 0.01168354, 2.30285, 271.5923, 2.976773
0, 06/04/2019 04:00:13.623, 0.008158246, -0.02638748, 0.01168747, 2.303833, 271.5923, 2.969133
0, 06/04/2019 04:00:13.634, 0.008161143, -0.02640524, 0.01168158, 2.299211, 271.59, 2.998682
0, 06/04/2019 04:00:13.646, 0.008159606, -0.0263852, 0.01168393, 2.30095, 271.5915, 2.986813
0, 06/04/2019 04:00:13.657, 0.008158558, -0.02638851, 0.0116861, 2.30057, 271.5888, 2.972902
0, 06/04/2019 04:00:13.668, 0.008158497, -0.0263899, 0.01168126, 2.315286, 271.5916, 2.976242
0, 06/04/2019 04:00:13.680, 0.008157024, -0.0263826, 0.01168232, 2.315029, 271.5916, 2.9841
0, 06/04/2019 04:00:13.691, 0.008155273, -0.02638669, 0.01168403, 2.317801, 271.5905, 2.98899
0, 06/04/2019 04:00:13.701, 0.008158474, -0.02636814, 0.01168978, 2.307939, 271.5926, 2.981416
0, 06/04/2019 04:00:13.712, 0.008157095, -0.02637535, 0.01169488, 2.313022, 271.5881, 2.980222
0, 06/04/2019 04:00:13.723, 0.008162061, -0.02637272, 0.01168755, 2.3007, 271.5892, 2.97291
0, 06/04/2019 04:00:13.734, 0.008156922, -0.02639083, 0.01168801, 2.295448, 271.5902, 2.972797
0, 06/04/2019 04:00:13.746, 0.008156123, -0.02638714, 0.01168984, 2.302631, 271.5912, 2.974525
0, 06/04/2019 04:00:13.757, 0.00816563, -0.02637126, 0.01169216, 2.316278, 271.5918, 2.994963
0, 06/04/2019 04:00:13.768, 0.008160577, -0.02638323, 0.01168908, 2.310559, 271.5914, 2.987236
0, 06/04/2019 04:00:13.779, 0.008158793, -0.02639077, 0.01168488, 2.303324, 271.5915, 2.986566
0, 06/04/2019 04:00:13.790, 0.008159243, -0.02638339, 0.01169398, 2.30792, 271.5916, 2.981714
0, 06/04/2019 04:00:13.802, 0.008160443, -0.02638095, 0.01169015, 2.311764, 271.5858, 2.963414
0, 06/04/2019 04:00:13.812, 0.008158046, -0.02638453, 0.0116885, 2.317424, 271.5916, 2.983552
0, 06/04/2019 04:00:13.824, 0.008162083, -0.02637978, 0.01169228, 2.308318, 271.5883, 2.982987
0, 06/04/2019 04:00:13.834, 0.008159125, -0.02638791, 0.01168601, 2.300936, 271.5889, 2.973536
0, 06/04/2019 04:00:13.846, 0.008155847, -0.02639319, 0.01168604, 2.30638, 271.5871, 2.976543
0, 06/04/2019 04:00:13.857, 0.008159121, -0.02638001, 0.01168578, 2.30431, 271.5919, 2.989946
0, 06/04/2019 04:00:13.868, 0.008158979, -0.02637482, 0.01168782, 2.304013, 271.5868, 2.957879
0, 06/04/2019 04:00:13.879, 0.008149677, -0.02638463, 0.0116867, 2.307472, 271.59, 2.98691
0, 06/04/2019 04:00:13.890, 0.008152408, -0.02638819, 0.01168507, 2.305073, 271.5888, 2.978212
0, 06/04/2019 04:00:13.901, 0.008152263, -0.02640187, 0.01168687, 2.30126, 271.59, 2.978778
0, 06/04/2019 04:00:13.912, 0.008154158, -0.02637916, 0.0116911, 2.300702, 271.5858, 2.983196
0, 06/04/2019 04:00:13.923, 0.008154272, -0.02639414, 0.01168476, 2.300751, 271.5906, 2.976851
0, 06/04/2019 04:00:13.934, 0.008155039, -0.02640025, 0.0116838, 2.292049, 271.5883, 2.989821
