Voltage, Timestamp, X position, Y position, Z position, X rotation, Y rotation, Z rotation
0, 06/04/2019 04:02:57.661, 0.008416572, -0.02624593, 0.0114468, 2.293319, 272.0307, 2.903569
0, 06/04/2019 04:02:57.734, 0.008414892, -0.02622427, 0.01145088, 2.299136, 272.0302, 2.893556
0, 06/04/2019 04:02:57.736, 0.008417333, -0.0262178, 0.0114531, 2.30799, 272.0248, 2.887303
0, 06/04/2019 04:02:57.740, 0.008414862, -0.02622242, 0.01144927, 2.302154, 272.0307, 2.903584
0, 06/04/2019 04:02:57.751, 0.008413488, -0.02622857, 0.01144914, 2.296729, 272.026, 2.886777
0, 06/04/2019 04:02:57.762, 0.008409382, -0.02623593, 0.01145378, 2.306088, 272.031, 2.89508
0, 06/04/2019 04:02:57.773, 0.008414327, -0.02621849, 0.01145487, 2.311279, 272.0247, 2.896773
0, 06/04/2019 04:02:57.784, 0.008414761, -0.02621189, 0.01145248, 2.301997, 272.0274, 2.905898
0, 06/04/2019 04:02:57.795, 0.008408994, -0.02622738, 0.01145728, 2.313555, 272.0219, 2.891611
0, 06/04/2019 04:02:57.818, 0.00840725, -0.02623673, 0.01145133, 2.30706, 272.0291, 2.90418
0, 06/04/2019 04:02:57.841, 0.008413579, -0.02622673, 0.0114539, 2.313133, 272.0234, 2.893361
0, 06/04/2019 04:02:57.852, 0.008413532, -0.02622738, 0.01145196, 2.314033, 272.0257, 2.898767
0, 06/04/2019 04:02:57.863, 0.008411413, -0.02622707, 0.01145412, 2.315037, 272.0198, 2.884976
0, 06/04/2019 04:02:57.873, 0.008410366, -0.02622711, 0.01144526, 2.304493, 272.0291, 2.913352
0, 06/04/2019 04:02:57.885, 0.0084074, -0.02623191, 0.01144886, 2.307033, 272.0319, 2.906147
0, 06/04/2019 04:02:57.904, 0.008409673, -0.02622129, 0.01144899, 2.302043, 272.0314, 2.898303
0, 06/04/2019 04:02:57.907, 0.008407878, -0.02624032, 0.01144328, 2.302842, 272.0267, 2.8872
0, 06/04/2019 04:02:57.918, 0.008407464, -0.026238, 0.01145205, 2.316, 272.025, 2.890078
0, 06/04/2019 04:02:57.929, 0.00840897, -0.02624323, 0.01144598, 2.305789, 272.0267, 2.90556
0, 06/04/2019 04:02:57.940, 0.008412298, -0.02623815, 0.01145026, 2.30272, 272.0271, 2.901652
0, 06/04/2019 04:02:57.951, 0.008413003, -0.02624549, 0.01144895, 2.305633, 272.0234, 2.886398
0, 06/04/2019 04:02:57.962, 0.008413359, -0.02624404, 0.01144953, 2.309261, 272.0249, 2.904857
0, 06/04/2019 04:02:57.973, 0.008410919, -0.02622707, 0.01144582, 2.307661, 272.0268, 2.899362
0, 06/04/2019 04:02:57.984, 0.008411475, -0.02623392, 0.01144307, 2.299452, 272.0308, 2.90731
0, 06/04/2019 04:02:57.996, 0.008411721, -0.02621677, 0.01144488, 2.301899, 272.0332, 2.920675
0, 06/04/2019 04:02:58.007, 0.008414593, -0.02622428, 0.0114519, 2.305608, 272.0284, 2.913689
0, 06/04/2019 04:02:58.018, 0.008413468, -0.0262324, 0.01144229, 2.301033, 272.0264, 2.901784
0, 06/04/2019 04:02:58.030, 0.008412075, -0.02621874, 0.01144732, 2.306012, 272.0288, 2.905955
0, 06/04/2019 04:02:58.040, 0.008417576, -0.0262288, 0.01143968, 2.306477, 272.0281, 2.89758
0, 06/04/2019 04:02:58.052, 0.008416791, -0.02622388, 0.01145103, 2.307991, 272.0232, 2.910925
0, 06/04/2019 04:02:58.062, 0.008412498, -0.02621476, 0.0114514, 2.309191, 272.0211, 2.889125
0, 06/04/2019 04:02:58.073, 0.008409692, -0.02621984, 0.01144659, 2.29381, 272.0319, 2.917132
0, 06/04/2019 04:02:58.085, 0.008412117, -0.02620727, 0.01144301, 2.306895, 272.027, 2.914977
0, 06/04/2019 04:02:58.096, 0.008411474, -0.02622618, 0.01144414, 2.297762, 272.0297, 2.914577
0, 06/04/2019 04:02:58.107, 0.008406833, -0.02623546, 0.01144136, 2.301261, 272.0285, 2.883685
0, 06/04/2019 04:02:58.118, 0.008410048, -0.02622778, 0.01144029, 2.305148, 272.0241, 2.893274
0, 06/04/2019 04:02:58.129, 0.008405319, -0.02623961, 0.01144435, 2.301104, 272.0273, 2.902731
0, 06/04/2019 04:02:58.149, 0.008407002, -0.02623527, 0.01144319, 2.310597, 272.031, 2.90213
0, 06/04/2019 04:02:58.151, 0.008409454, -0.0262254, 0.01144511, 2.308994, 272.025, 2.894892
0, 06/04/2019 04:02:58.163, 0.008407913, -0.02624439, 0.0114426, 2.307126, 272.0284, 2.90979
0, 06/04/2019 04:02:58.174, 0.0084083, -0.0262377, 0.01144514, 2.314853, 272.0287, 2.917755
0, 06/04/2019 04:02:58.184, 0.008412102, -0.02624376, 0.01144516, 2.300755, 272.0278, 2.904662
0, 06/04/2019 04:02:58.196, 0.008411912, -0.02623307, 0.01143995, 2.306307, 272.0302, 2.917478
0, 06/04/2019 04:02:58.207, 0.008409074, -0.02623951, 0.01144353, 2.305701, 272.0337, 2.914505
0, 06/04/2019 04:02:58.218, 0.008413149, -0.02622829, 0.01144552, 2.304479, 272.0309, 2.904552
0, 06/04/2019 04:02:58.229, 0.008406178, -0.02624087, 0.01143345, 2.299494, 272.0307, 2.906746
0, 06/04/2019 04:02:58.241, 0.008408816, -0.02622983, 0.01143972, 2.304181, 272.0274, 2.896675
0, 06/04/2019 04:02:58.251, 0.008406608, -0.02622357, 0.01143617, 2.305598, 272.0278, 2.895761
0, 06/04/2019 04:02:58.262, 0.008406315, -0.02621954, 0.01144644, 2.312661, 272.0297, 2.897165
5, 06/04/2019 04:02:58.273, 0.008410268, -0.02621874, 0.01144056, 2.298573, 272.0257, 2.891977
5, 06/04/2019 04:02:58.284, 0.0084065, -0.02621933, 0.01144449, 2.301338, 272.0314, 2.909805
5, 06/04/2019 04:02:58.295, 0.008408524, -0.02622414, 0.01144733, 2.302806, 272.024, 2.890778
5, 06/04/2019 04:02:58.306, 0.008422321, -0.02620601, 0.01143244, 2.310338, 272.0358, 2.907914
5, 06/04/2019 04:02:58.317, 0.008448781, -0.02622027, 0.01140007, 2.300466, 272.063, 2.908509
5, 06/04/2019 04:02:58.329, 0.008569479, -0.02621633, 0.01127815, 2.277771, 272.1774, 2.911455
5, 06/04/2019 04:02:58.340, 0.008737234, -0.026222, 0.0111159, 2.258036, 272.364, 2.909027
5, 06/04/2019 04:02:58.351, 0.008872788, -0.02625903, 0.01097583, 2.234891, 272.5519, 2.90336
5, 06/04/2019 04:02:58.362, 0.009015086, -0.02629404, 0.01079881, 2.162133, 272.8912, 2.892025
5, 06/04/2019 04:02:58.373, 0.009079805, -0.0262249, 0.01068832, 2.181786, 273.1527, 2.940163
5, 06/04/2019 04:02:58.385, 0.009122047, -0.02616245, 0.01051052, 2.319004, 273.5437, 2.903108
5, 06/04/2019 04:02:58.396, 0.009171059, -0.02623975, 0.01026722, 2.334424, 274.0075, 2.897244
5, 06/04/2019 04:02:58.407, 0.009346839, -0.02622032, 0.009996857, 2.316162, 274.4579, 2.915009
5, 06/04/2019 04:02:58.418, 0.009497524, -0.02620634, 0.009806026, 2.322041, 274.7986, 2.906877
5, 06/04/2019 04:02:58.430, 0.009731716, -0.02626239, 0.009477891, 2.238782, 275.2369, 2.870679
5, 06/04/2019 04:02:58.440, 0.009864498, -0.02628373, 0.009283603, 2.155713, 275.5287, 2.879631
5, 06/04/2019 04:02:58.451, 0.01005843, -0.02623029, 0.008999174, 2.206574, 275.9158, 2.88257
5, 06/04/2019 04:02:58.467, 0.01024679, -0.02627665, 0.008713708, 2.188293, 276.38, 2.80318
5, 06/04/2019 04:02:58.479, 0.01037158, -0.02626842, 0.008538257, 2.206786, 276.7221, 2.894356
5, 06/04/2019 04:02:58.489, 0.01047019, -0.02626478, 0.008368942, 2.223926, 276.9479, 2.874458
5, 06/04/2019 04:02:58.500, 0.01061938, -0.02632573, 0.008120878, 2.155429, 277.31, 2.925575
5, 06/04/2019 04:02:58.512, 0.01078761, -0.02629752, 0.007876002, 2.138383, 277.657, 2.929023
5, 06/04/2019 04:02:58.523, 0.01092351, -0.02629104, 0.007713025, 2.1322, 277.9007, 2.918955
5, 06/04/2019 04:02:58.534, 0.0110502, -0.0262449, 0.007447755, 2.187011, 278.2507, 2.930613
5, 06/04/2019 04:02:58.545, 0.01115552, -0.02624348, 0.00723404, 2.189629, 278.613, 2.909638
5, 06/04/2019 04:02:58.556, 0.01123356, -0.02633039, 0.007055698, 2.131581, 278.8677, 2.926667
5, 06/04/2019 04:02:58.567, 0.01135219, -0.02631986, 0.006823279, 2.136017, 279.2628, 2.926522
5, 06/04/2019 04:02:58.578, 0.01153107, -0.02626039, 0.006565696, 2.128652, 279.6639, 2.895173
5, 06/04/2019 04:02:58.589, 0.01161503, -0.02627832, 0.006381089, 2.109047, 279.9089, 2.888692
5, 06/04/2019 04:02:58.601, 0.0117592, -0.02625925, 0.006139832, 2.094831, 280.2712, 2.918067
5, 06/04/2019 04:02:58.612, 0.01190505, -0.02630892, 0.005867095, 2.118715, 280.6685, 2.902168
5, 06/04/2019 04:02:58.623, 0.01200011, -0.02629878, 0.005696072, 2.150878, 280.9401, 2.90043
5, 06/04/2019 04:02:58.633, 0.01211432, -0.02630418, 0.005491721, 2.135087, 281.2967, 2.889702
5, 06/04/2019 04:02:58.645, 0.01222596, -0.02630522, 0.005234011, 2.127479, 281.6787, 2.896755
5, 06/04/2019 04:02:58.656, 0.01233256, -0.02623386, 0.005059492, 2.134009, 281.9294, 2.87154
5, 06/04/2019 04:02:58.667, 0.01245479, -0.02621509, 0.004796166, 2.113181, 282.2862, 2.878438
5, 06/04/2019 04:02:58.678, 0.01257339, -0.02628932, 0.004526307, 2.054089, 282.667, 2.917757
5, 06/04/2019 04:02:58.690, 0.01272977, -0.0262565, 0.004246447, 2.087715, 283.0349, 2.889805
5, 06/04/2019 04:02:58.701, 0.01279989, -0.02631108, 0.004079265, 2.141627, 283.2916, 2.940532
5, 06/04/2019 04:02:58.711, 0.01290629, -0.02629497, 0.003826467, 2.119746, 283.673, 2.927929
5, 06/04/2019 04:02:58.722, 0.01297324, -0.02633138, 0.003648434, 2.078095, 283.9045, 2.913704
5, 06/04/2019 04:02:58.733, 0.01311032, -0.02627776, 0.003409364, 2.131039, 284.2918, 2.97032
5, 06/04/2019 04:02:58.744, 0.01323381, -0.02631519, 0.003149424, 2.081398, 284.6658, 2.911703
5, 06/04/2019 04:02:58.756, 0.01330045, -0.02634458, 0.002981951, 2.087412, 284.907, 2.886341
5, 06/04/2019 04:02:58.767, 0.01341269, -0.02628772, 0.002707957, 2.131673, 285.2786, 2.967912
5, 06/04/2019 04:02:58.778, 0.0135125, -0.02624184, 0.002461263, 2.126535, 285.6718, 2.963001
5, 06/04/2019 04:02:58.789, 0.01359185, -0.02625115, 0.002271914, 2.089365, 285.9308, 2.942929
5, 06/04/2019 04:02:58.800, 0.01367111, -0.02624705, 0.002020068, 2.093316, 286.3074, 2.92397
5, 06/04/2019 04:02:58.811, 0.0137756, -0.02630133, 0.001771841, 2.063495, 286.6713, 2.948512
5, 06/04/2019 04:02:58.822, 0.01385448, -0.02624728, 0.00156102, 2.133637, 286.9143, 2.972858
5, 06/04/2019 04:02:58.834, 0.01398379, -0.02622952, 0.001293805, 2.144533, 287.276, 3.017037
5, 06/04/2019 04:02:58.845, 0.01406335, -0.02629519, 0.0009854403, 2.082986, 287.6436, 2.926967
5, 06/04/2019 04:02:58.857, 0.01411385, -0.02636421, 0.0008224953, 2.032033, 287.9075, 2.950258
5, 06/04/2019 04:02:58.867, 0.01425704, -0.02624754, 0.0005823895, 2.059154, 288.2904, 2.963833
5, 06/04/2019 04:02:58.878, 0.01434661, -0.02625539, 0.0003447387, 2.036021, 288.6683, 2.888202
5, 06/04/2019 04:02:58.889, 0.01441026, -0.02631012, 0.0001551644, 2.098727, 288.925, 2.852449
5, 06/04/2019 04:02:58.900, 0.01453593, -0.02628729, -9.738897E-05, 2.104086, 289.2837, 2.967983
5, 06/04/2019 04:02:58.911, 0.01460884, -0.02635861, -0.0003943264, 2.115093, 289.6523, 2.871267
5, 06/04/2019 04:02:58.923, 0.01467863, -0.02633131, -0.0005771823, 2.037416, 289.9056, 2.921005
5, 06/04/2019 04:02:58.934, 0.01475625, -0.02630505, -0.0008582204, 2.031716, 290.2742, 2.938857
5, 06/04/2019 04:02:58.944, 0.01483527, -0.02628453, -0.00112374, 2.043292, 290.6536, 2.931893
5, 06/04/2019 04:02:58.956, 0.01491841, -0.02628872, -0.001303192, 2.072726, 290.8922, 2.94526
5, 06/04/2019 04:02:58.967, 0.01500094, -0.02628349, -0.001571669, 2.053123, 291.2836, 2.891122
5, 06/04/2019 04:02:58.978, 0.01505276, -0.02631929, -0.001834793, 2.082369, 291.6535, 2.812615
5, 06/04/2019 04:02:58.990, 0.01515569, -0.02628799, -0.002091675, 2.097562, 292.0437, 2.971995
5, 06/04/2019 04:02:59.000, 0.01521207, -0.0262699, -0.002297974, 2.139196, 292.2768, 2.992111
5, 06/04/2019 04:02:59.011, 0.01526877, -0.02630858, -0.00248219, 2.075016, 292.5348, 2.979835
5, 06/04/2019 04:02:59.022, 0.01534363, -0.02627198, -0.0027326, 2.04007, 292.9004, 2.991657
5, 06/04/2019 04:02:59.033, 0.01543218, -0.02626453, -0.002997653, 2.042461, 293.2746, 2.956655
5, 06/04/2019 04:02:59.045, 0.01548379, -0.0262938, -0.003293502, 2.078025, 293.666, 2.98144
5, 06/04/2019 04:02:59.056, 0.01554075, -0.02629246, -0.003484591, 2.041365, 293.9089, 2.972123
5, 06/04/2019 04:02:59.067, 0.01559643, -0.0263184, -0.003765865, 2.02868, 294.2756, 2.934993
5, 06/04/2019 04:02:59.078, 0.01565678, -0.02632612, -0.004046806, 2.064183, 294.6344, 2.922008
5, 06/04/2019 04:02:59.090, 0.01569354, -0.02627185, -0.004238769, 2.106595, 294.892, 3.00149
5, 06/04/2019 04:02:59.100, 0.01577201, -0.02628346, -0.004513943, 2.06243, 295.2796, 2.96011
5, 06/04/2019 04:02:59.112, 0.01582686, -0.02635397, -0.00481131, 1.983316, 295.6635, 2.957605
5, 06/04/2019 04:02:59.123, 0.01589475, -0.02633435, -0.004953807, 1.991811, 295.904, 2.963171
5, 06/04/2019 04:02:59.134, 0.01594395, -0.02630563, -0.005238751, 2.041187, 296.2742, 2.924898
5, 06/04/2019 04:02:59.145, 0.01600448, -0.02629968, -0.005534281, 2.048929, 296.6638, 2.95529
5, 06/04/2019 04:02:59.155, 0.0160503, -0.02625545, -0.005712262, 2.067845, 296.8834, 3.013135
5, 06/04/2019 04:02:59.167, 0.01607339, -0.02639711, -0.006017779, 1.973168, 297.2573, 2.989725
5, 06/04/2019 04:02:59.177, 0.01616466, -0.02631652, -0.006261146, 1.97484, 297.6659, 2.974323
5, 06/04/2019 04:02:59.189, 0.01618248, -0.02626757, -0.00644577, 2.058554, 297.9164, 2.977621
5, 06/04/2019 04:02:59.200, 0.01622958, -0.02634733, -0.006734326, 2.012794, 298.2778, 2.923782
5, 06/04/2019 04:02:59.211, 0.01625384, -0.02630835, -0.007051928, 2.031052, 298.6628, 3.054915
5, 06/04/2019 04:02:59.223, 0.01629499, -0.02634822, -0.007252644, 2.017471, 298.9085, 3.037704
5, 06/04/2019 04:02:59.234, 0.01633759, -0.02634043, -0.007515357, 2.04994, 299.278, 2.973351
5, 06/04/2019 04:02:59.246, 0.01640328, -0.02630747, -0.00777527, 2.007148, 299.6408, 2.95445
5, 06/04/2019 04:02:59.256, 0.01644512, -0.02634566, -0.007989394, 1.970208, 299.9167, 2.908969
5, 06/04/2019 04:02:59.267, 0.01646259, -0.02634363, -0.008253385, 1.978709, 300.2823, 2.974469
5, 06/04/2019 04:02:59.278, 0.01649862, -0.02631133, -0.008406038, 2.004991, 300.516, 2.97068
5, 06/04/2019 04:02:59.289, 0.01654965, -0.0263592, -0.008731988, 2.028758, 300.9109, 2.987807
5, 06/04/2019 04:02:59.300, 0.01656937, -0.02637719, -0.008988244, 2.034261, 301.2617, 3.018377
5, 06/04/2019 04:02:59.311, 0.01660218, -0.02637391, -0.00926636, 1.987287, 301.6381, 2.937742
5, 06/04/2019 04:02:59.322, 0.01663899, -0.02643893, -0.009476312, 1.969035, 301.9059, 2.929084
5, 06/04/2019 04:02:59.333, 0.01666325, -0.02639196, -0.009753291, 1.982975, 302.2686, 3.017614
5, 06/04/2019 04:02:59.344, 0.01666921, -0.02641233, -0.01001279, 1.968275, 302.6233, 2.936733
5, 06/04/2019 04:02:59.355, 0.01669883, -0.02633001, -0.01019768, 1.906266, 302.8959, 2.991881
5, 06/04/2019 04:02:59.366, 0.01673449, -0.02638602, -0.01049287, 1.942289, 303.262, 2.980548
5, 06/04/2019 04:02:59.378, 0.01673147, -0.02646491, -0.01078304, 1.919868, 303.6342, 2.972946
1, 06/04/2019 04:02:59.390, 0.01677612, -0.02642415, -0.01096581, 1.927073, 303.8733, 2.984505
1, 06/04/2019 04:02:59.400, 0.01682138, -0.02642966, -0.01124745, 1.950423, 304.253, 2.899443
1, 06/04/2019 04:02:59.411, 0.01680563, -0.02649556, -0.01154987, 1.980875, 304.6311, 3.021751
1, 06/04/2019 04:02:59.422, 0.01682196, -0.02649814, -0.01175043, 1.98826, 304.879, 3.047626
1, 06/04/2019 04:02:59.433, 0.01681928, -0.02646637, -0.01195117, 1.925752, 305.2245, 2.952362
1, 06/04/2019 04:02:59.445, 0.0168039, -0.02646014, -0.01209962, 1.891907, 305.4952, 2.912108
1, 06/04/2019 04:02:59.456, 0.01676151, -0.02645544, -0.01215705, 1.910094, 305.6392, 2.935658
1, 06/04/2019 04:02:59.466, 0.01674824, -0.02641795, -0.01223845, 1.932707, 305.7821, 2.972975
1, 06/04/2019 04:02:59.477, 0.01675726, -0.02645184, -0.01228291, 1.939205, 305.8486, 2.946757
1, 06/04/2019 04:02:59.489, 0.01679548, -0.02643933, -0.01236977, 1.929482, 305.9145, 2.982244
1, 06/04/2019 04:02:59.500, 0.01684969, -0.02644635, -0.0124935, 1.908121, 305.9659, 2.949636
1, 06/04/2019 04:02:59.511, 0.01691569, -0.02646268, -0.01261181, 1.910795, 305.9767, 2.935015
1, 06/04/2019 04:02:59.523, 0.01695053, -0.02643925, -0.01265905, 1.900025, 305.9878, 2.924463
1, 06/04/2019 04:02:59.534, 0.01693704, -0.02646966, -0.01266833, 1.90799, 305.9772, 2.959189
1, 06/04/2019 04:02:59.544, 0.01691243, -0.02645839, -0.01264946, 1.911061, 305.9877, 2.93665
1, 06/04/2019 04:02:59.555, 0.01689499, -0.02646332, -0.01262923, 1.900257, 306.0115, 2.960899
1, 06/04/2019 04:02:59.566, 0.01686413, -0.02646978, -0.01264357, 1.880016, 306.083, 2.945778
1, 06/04/2019 04:02:59.578, 0.01684582, -0.02648457, -0.01268097, 1.87208, 306.1333, 2.923849
1, 06/04/2019 04:02:59.589, 0.01686064, -0.0265093, -0.01279092, 1.836845, 306.2454, 2.91306
1, 06/04/2019 04:02:59.600, 0.01687867, -0.02648157, -0.01286878, 1.862708, 306.349, 2.88798
1, 06/04/2019 04:02:59.611, 0.016884, -0.02647518, -0.01292788, 1.885482, 306.4384, 2.865206
1, 06/04/2019 04:02:59.622, 0.0168958, -0.02645741, -0.01297172, 1.893233, 306.5001, 2.872555
1, 06/04/2019 04:02:59.634, 0.01689845, -0.02646639, -0.01300785, 1.927847, 306.5797, 2.861689
1, 06/04/2019 04:02:59.645, 0.01689687, -0.02646433, -0.01305663, 1.939545, 306.6574, 2.875408
1, 06/04/2019 04:02:59.656, 0.01689654, -0.02645707, -0.01310927, 1.913522, 306.7045, 2.858719
1, 06/04/2019 04:02:59.666, 0.01689575, -0.02647867, -0.01317959, 1.913425, 306.7698, 2.899318
1, 06/04/2019 04:02:59.678, 0.01689214, -0.02645002, -0.0132684, 1.956319, 306.8429, 2.877743
1, 06/04/2019 04:02:59.689, 0.0168846, -0.02648189, -0.01330099, 1.924678, 306.8931, 2.892515
1, 06/04/2019 04:02:59.700, 0.01689295, -0.02644393, -0.01336486, 1.895074, 306.9679, 2.924418
1, 06/04/2019 04:02:59.711, 0.01688863, -0.02643784, -0.01340743, 1.906156, 307.035, 2.958565
1, 06/04/2019 04:02:59.722, 0.0168789, -0.02645953, -0.01342686, 1.871429, 307.0908, 2.991861
1, 06/04/2019 04:02:59.734, 0.01688617, -0.02643223, -0.01345405, 1.874701, 307.1471, 2.988925
1, 06/04/2019 04:02:59.745, 0.01689843, -0.02642098, -0.01351564, 1.903947, 307.226, 3.018624
1, 06/04/2019 04:02:59.756, 0.0169048, -0.02641057, -0.01356808, 1.902002, 307.2821, 3.039091
1, 06/04/2019 04:02:59.767, 0.01692607, -0.02642915, -0.01361707, 1.885328, 307.3508, 3.01246
1, 06/04/2019 04:02:59.777, 0.01692434, -0.02647384, -0.01367434, 1.912428, 307.4219, 2.991068
1, 06/04/2019 04:02:59.789, 0.01692673, -0.02647703, -0.01371228, 1.907253, 307.4719, 2.987494
1, 06/04/2019 04:02:59.800, 0.01692089, -0.02647388, -0.01376395, 1.898939, 307.5417, 2.984543
1, 06/04/2019 04:02:59.811, 0.01691714, -0.02647221, -0.01380365, 1.886027, 307.5943, 2.980682
1, 06/04/2019 04:02:59.822, 0.01690723, -0.02651288, -0.01386503, 1.909571, 307.6855, 2.967197
1, 06/04/2019 04:02:59.833, 0.0168923, -0.02650654, -0.01393468, 1.934117, 307.7645, 2.957417
1, 06/04/2019 04:02:59.844, 0.01688999, -0.02650599, -0.01398972, 1.93501, 307.8359, 2.884018
1, 06/04/2019 04:02:59.855, 0.01688683, -0.02651894, -0.01402716, 1.933661, 307.8864, 2.889292
1, 06/04/2019 04:02:59.866, 0.01689993, -0.02649466, -0.01407543, 1.92694, 307.9674, 2.852014
1, 06/04/2019 04:02:59.877, 0.01689697, -0.02652371, -0.01412799, 1.926203, 308.0314, 2.858617
1, 06/04/2019 04:02:59.889, 0.01691433, -0.0265154, -0.01416202, 1.935961, 308.0769, 2.852919
1, 06/04/2019 04:02:59.900, 0.01691129, -0.02650044, -0.01421475, 1.946951, 308.1564, 2.907419
1, 06/04/2019 04:02:59.911, 0.01690712, -0.02649962, -0.01427627, 1.94987, 308.2269, 2.923486
1, 06/04/2019 04:02:59.922, 0.01691509, -0.02648677, -0.01432288, 1.958568, 308.2767, 2.916771
1, 06/04/2019 04:02:59.933, 0.0169058, -0.02649832, -0.01437626, 1.951028, 308.3572, 2.934413
1, 06/04/2019 04:02:59.944, 0.01689337, -0.02646184, -0.01444193, 1.94466, 308.4368, 2.982378
1, 06/04/2019 04:02:59.955, 0.01690215, -0.02645997, -0.01447352, 1.946581, 308.483, 2.964815
1, 06/04/2019 04:02:59.967, 0.01690498, -0.02643661, -0.01452648, 1.925282, 308.5562, 2.983801
1, 06/04/2019 04:02:59.978, 0.01691271, -0.02642239, -0.01456396, 1.912653, 308.6356, 2.979743
1, 06/04/2019 04:02:59.988, 0.01691595, -0.02643896, -0.01462222, 1.918715, 308.6855, 2.977791
1, 06/04/2019 04:03:00.000, 0.01693673, -0.02643106, -0.01467217, 1.91121, 308.759, 2.992581
1, 06/04/2019 04:03:00.011, 0.01693321, -0.02643806, -0.01473055, 1.861371, 308.8369, 2.940902
1, 06/04/2019 04:03:00.023, 0.01693214, -0.02646121, -0.01477733, 1.861195, 308.8804, 2.929903
1, 06/04/2019 04:03:00.033, 0.01693053, -0.02646853, -0.01483229, 1.862891, 308.9457, 2.916667
1, 06/04/2019 04:03:00.044, 0.01691766, -0.02648517, -0.0148956, 1.84702, 309.0274, 2.903746
1, 06/04/2019 04:03:00.055, 0.01691447, -0.02649838, -0.01492695, 1.858649, 309.0816, 2.890912
1, 06/04/2019 04:03:00.066, 0.01690999, -0.02651107, -0.01498924, 1.864784, 309.1496, 2.882915
1, 06/04/2019 04:03:00.077, 0.0169012, -0.02650665, -0.01505824, 1.836992, 309.2231, 2.93812
1, 06/04/2019 04:03:00.089, 0.01690599, -0.02649933, -0.0150928, 1.83956, 309.2812, 2.907474
1, 06/04/2019 04:03:00.100, 0.01691802, -0.02650731, -0.0151599, 1.842161, 309.3587, 2.942839
1, 06/04/2019 04:03:00.111, 0.01691701, -0.02650407, -0.01519888, 1.83731, 309.4272, 2.938699
1, 06/04/2019 04:03:00.122, 0.01692257, -0.02650934, -0.01522903, 1.827783, 309.4741, 2.919905
1, 06/04/2019 04:03:00.133, 0.01691648, -0.02648153, -0.01529621, 1.8542, 309.5538, 2.915695
1, 06/04/2019 04:03:00.144, 0.01691909, -0.02645049, -0.01533245, 1.886172, 309.596, 2.926497
1, 06/04/2019 04:03:00.155, 0.01691544, -0.02644839, -0.01538898, 1.910305, 309.677, 2.912899
1, 06/04/2019 04:03:00.166, 0.01690526, -0.02647258, -0.01545502, 1.864977, 309.7546, 2.917665
1, 06/04/2019 04:03:00.178, 0.01689463, -0.02647213, -0.01552028, 1.889489, 309.8178, 2.891188
1, 06/04/2019 04:03:00.189, 0.01690187, -0.0264501, -0.01555695, 1.894695, 309.8701, 2.936934
1, 06/04/2019 04:03:00.199, 0.01689008, -0.02648864, -0.01561451, 1.920708, 309.9418, 2.953768
1, 06/04/2019 04:03:00.211, 0.01687951, -0.02649944, -0.01566841, 1.898742, 310.0153, 2.938228
1, 06/04/2019 04:03:00.222, 0.01688013, -0.02648133, -0.01569901, 1.880494, 310.0698, 2.913353
1, 06/04/2019 04:03:00.233, 0.01687773, -0.02649007, -0.01575195, 1.901636, 310.1309, 2.93275
1, 06/04/2019 04:03:00.244, 0.01688212, -0.02646889, -0.01578625, 1.910413, 310.1827, 2.963303
1, 06/04/2019 04:03:00.255, 0.01690152, -0.02646149, -0.01583297, 1.909708, 310.2544, 2.953349
1, 06/04/2019 04:03:00.266, 0.01689566, -0.02650511, -0.01590918, 1.911096, 310.3389, 2.919486
1, 06/04/2019 04:03:00.278, 0.01690746, -0.02647067, -0.0159677, 1.911717, 310.4225, 2.963942
1, 06/04/2019 04:03:00.289, 0.01689929, -0.02649098, -0.01601472, 1.874445, 310.4793, 2.981627
1, 06/04/2019 04:03:00.300, 0.01689064, -0.02649293, -0.0160768, 1.866259, 310.5567, 2.979718
1, 06/04/2019 04:03:00.311, 0.01686776, -0.02652468, -0.0161397, 1.839842, 310.6337, 2.954827
1, 06/04/2019 04:03:00.322, 0.01686826, -0.02651037, -0.01617524, 1.822501, 310.6815, 2.942749
1, 06/04/2019 04:03:00.333, 0.01686641, -0.0265185, -0.01623632, 1.84148, 310.7508, 2.922878
1, 06/04/2019 04:03:00.344, 0.01685376, -0.02650823, -0.01628693, 1.87505, 310.8243, 2.956388
1, 06/04/2019 04:03:00.355, 0.01684079, -0.02650332, -0.01631347, 1.832158, 310.8768, 2.921984
1, 06/04/2019 04:03:00.366, 0.01684769, -0.02651013, -0.0163499, 1.842087, 310.9394, 2.916005
1, 06/04/2019 04:03:00.377, 0.01685716, -0.02649609, -0.01640059, 1.85433, 311.0088, 2.942515
1, 06/04/2019 04:03:00.388, 0.01685454, -0.02650179, -0.01644074, 1.868016, 311.0597, 2.942702
1, 06/04/2019 04:03:00.400, 0.01685884, -0.02647185, -0.01649078, 1.893849, 311.1427, 3.001665
1, 06/04/2019 04:03:00.410, 0.01686832, -0.02647964, -0.01657099, 1.913111, 311.2355, 2.979106
1, 06/04/2019 04:03:00.422, 0.01686319, -0.02649093, -0.01660892, 1.941564, 311.2866, 2.984802
1, 06/04/2019 04:03:00.433, 0.01685479, -0.0264869, -0.01667677, 1.919127, 311.3624, 3.028204
1, 06/04/2019 04:03:00.444, 0.01685049, -0.02645454, -0.01670102, 1.912656, 311.416, 3.033339
1, 06/04/2019 04:03:00.455, 0.01684187, -0.02648327, -0.0167674, 1.907423, 311.4962, 3.016146
1, 06/04/2019 04:03:00.466, 0.01684467, -0.02650815, -0.0168235, 1.893436, 311.5796, 2.954474
1, 06/04/2019 04:03:00.478, 0.01684783, -0.0264648, -0.01686545, 1.899913, 311.6456, 2.992327
1, 06/04/2019 04:03:00.489, 0.01683395, -0.02648141, -0.01690923, 1.884716, 311.6949, 2.987345
-5, 06/04/2019 04:03:00.500, 0.01683449, -0.02649009, -0.01695981, 1.894814, 311.761, 2.966388
-5, 06/04/2019 04:03:00.512, 0.01683388, -0.02651816, -0.01703397, 1.888173, 311.8357, 2.982503
-5, 06/04/2019 04:03:00.522, 0.01682967, -0.02656163, -0.01707049, 1.892532, 311.8753, 2.983848
-5, 06/04/2019 04:03:00.534, 0.01680591, -0.026542, -0.01710022, 1.899376, 311.9381, 2.977446
-5, 06/04/2019 04:03:00.545, 0.01678432, -0.02651461, -0.01707271, 1.921378, 311.9642, 2.953583
-5, 06/04/2019 04:03:00.555, 0.01676232, -0.02648333, -0.01699901, 1.93955, 311.9315, 2.980238
-5, 06/04/2019 04:03:00.566, 0.01675189, -0.02643462, -0.01679891, 1.957425, 311.8111, 2.966427
-5, 06/04/2019 04:03:00.577, 0.01673923, -0.02644193, -0.01665046, 1.964282, 311.6807, 2.920571
-5, 06/04/2019 04:03:00.588, 0.01672967, -0.02642297, -0.01635752, 2.028184, 311.3745, 2.913212
-5, 06/04/2019 04:03:00.599, 0.01676021, -0.02648101, -0.01610093, 1.945577, 311.0245, 2.899792
-5, 06/04/2019 04:03:00.610, 0.01680437, -0.02642146, -0.01596707, 1.860921, 310.7659, 2.878909
-5, 06/04/2019 04:03:00.622, 0.01690398, -0.0264596, -0.01575719, 1.917812, 310.3084, 2.91415
-5, 06/04/2019 04:03:00.633, 0.01694937, -0.02650964, -0.01558194, 1.875402, 309.8562, 2.916941
-5, 06/04/2019 04:03:00.644, 0.01696872, -0.02646657, -0.01540305, 1.872619, 309.5372, 2.959949
-5, 06/04/2019 04:03:00.654, 0.01698083, -0.02647723, -0.01506835, 1.797082, 309.0588, 2.936088
-5, 06/04/2019 04:03:00.666, 0.01694083, -0.02641379, -0.01467812, 1.897918, 308.5919, 3.018434
-5, 06/04/2019 04:03:00.677, 0.01689444, -0.02647584, -0.01438506, 1.963031, 308.2924, 2.92814
-5, 06/04/2019 04:03:00.689, 0.01686177, -0.02646534, -0.01404243, 1.932131, 307.9128, 2.900315
-5, 06/04/2019 04:03:00.700, 0.01689916, -0.02647182, -0.0137701, 1.883768, 307.5608, 2.982357
-5, 06/04/2019 04:03:00.710, 0.01688047, -0.02642534, -0.01360335, 1.915549, 307.3491, 3.031762
-5, 06/04/2019 04:03:00.722, 0.01691684, -0.0264673, -0.01340767, 1.882401, 307.045, 2.959174
-5, 06/04/2019 04:03:00.733, 0.01693859, -0.02644249, -0.01312948, 1.928697, 306.6894, 2.86924
-5, 06/04/2019 04:03:00.744, 0.016923, -0.02648403, -0.0129228, 1.917973, 306.4666, 2.864664
-5, 06/04/2019 04:03:00.755, 0.01689839, -0.02645887, -0.01262756, 1.900354, 306.112, 2.939762
-5, 06/04/2019 04:03:00.766, 0.01686243, -0.02643789, -0.01231285, 1.920958, 305.7401, 2.97106
-5, 06/04/2019 04:03:00.777, 0.01685038, -0.02648268, -0.01212971, 1.891358, 305.4878, 2.912282
-5, 06/04/2019 04:03:00.789, 0.01680874, -0.02644001, -0.01188982, 1.969908, 305.1085, 3.019913
-5, 06/04/2019 04:03:00.799, 0.01679005, -0.02653592, -0.01166519, 1.947994, 304.7247, 3.030965
-5, 06/04/2019 04:03:00.810, 0.01676819, -0.02647676, -0.01147624, 1.90478, 304.4862, 3.012711
-5, 06/04/2019 04:03:00.822, 0.01677384, -0.02640456, -0.01115068, 1.933307, 304.0677, 2.929875
-5, 06/04/2019 04:03:00.833, 0.01671755, -0.02644372, -0.01085169, 1.942527, 303.6772, 2.970385
-5, 06/04/2019 04:03:00.844, 0.01674462, -0.02639377, -0.01051426, 1.965313, 303.2985, 2.963883
-5, 06/04/2019 04:03:00.855, 0.01674338, -0.02636844, -0.01029392, 1.953069, 303.0513, 2.962588
-5, 06/04/2019 04:03:00.866, 0.01671374, -0.02640082, -0.01000632, 1.95971, 302.6597, 2.927014
-5, 06/04/2019 04:03:00.877, 0.0167191, -0.02643994, -0.009843452, 2.016323, 302.4138, 2.960723
-5, 06/04/2019 04:03:00.888, 0.01668347, -0.02640613, -0.009581551, 1.978452, 302.065, 2.970558
-5, 06/04/2019 04:03:00.899, 0.0166296, -0.02638627, -0.009306954, 1.973459, 301.6833, 2.907541
-5, 06/04/2019 04:03:00.910, 0.01657275, -0.0263628, -0.009015608, 2.047837, 301.3017, 3.043483
-5, 06/04/2019 04:03:00.921, 0.01654509, -0.02634479, -0.008834236, 2.075126, 301.0439, 3.03418
-5, 06/04/2019 04:03:00.933, 0.01646989, -0.02634369, -0.008552757, 2.023215, 300.6918, 2.951267
-5, 06/04/2019 04:03:00.944, 0.01643478, -0.02632564, -0.008362626, 2.018602, 300.414, 2.984653
-5, 06/04/2019 04:03:00.955, 0.01642594, -0.02632562, -0.008113663, 2.002214, 300.0682, 2.955923
-5, 06/04/2019 04:03:00.966, 0.01642088, -0.02630828, -0.007830332, 2.022641, 299.6911, 2.981438
-5, 06/04/2019 04:03:00.977, 0.01638861, -0.02631905, -0.007640838, 2.041557, 299.428, 2.972173
-5, 06/04/2019 04:03:00.988, 0.01634167, -0.0263245, -0.007369499, 2.053793, 299.0709, 3.003903
-5, 06/04/2019 04:03:01.000, 0.0163023, -0.02627468, -0.00706209, 2.04643, 298.7009, 3.097465
-5, 06/04/2019 04:03:01.010, 0.01626979, -0.02629929, -0.006859361, 2.056623, 298.4415, 2.971986
-5, 06/04/2019 04:03:01.021, 0.01621433, -0.02627974, -0.006559954, 2.03422, 298.081, 2.959335
-5, 06/04/2019 04:03:01.033, 0.01616983, -0.02627509, -0.006291995, 1.990258, 297.7166, 2.977713
-5, 06/04/2019 04:03:01.044, 0.01610357, -0.02633786, -0.006130714, 1.960703, 297.452, 2.979348
-5, 06/04/2019 04:03:01.055, 0.01604277, -0.02630979, -0.005874248, 2.052076, 297.0581, 3.009194
-5, 06/04/2019 04:03:01.066, 0.01600251, -0.02628367, -0.005594569, 2.043669, 296.7201, 2.973083
-5, 06/04/2019 04:03:01.076, 0.01595397, -0.0263067, -0.005407003, 2.035893, 296.4674, 2.948534
-5, 06/04/2019 04:03:01.088, 0.01590774, -0.02632147, -0.005068038, 2.016644, 296.0727, 2.970667
-5, 06/04/2019 04:03:01.099, 0.01584482, -0.0263551, -0.004823308, 1.965914, 295.7167, 2.961782
-5, 06/04/2019 04:03:01.111, 0.01580556, -0.02631765, -0.004645864, 2.038625, 295.4479, 2.964366
-5, 06/04/2019 04:03:01.122, 0.01575746, -0.02624776, -0.004324158, 2.085855, 295.0657, 2.955487
-5, 06/04/2019 04:03:01.132, 0.01570011, -0.02635616, -0.004073618, 2.095356, 294.6789, 2.908474
-5, 06/04/2019 04:03:01.143, 0.01564528, -0.02634814, -0.003885955, 2.045861, 294.437, 2.908796
-5, 06/04/2019 04:03:01.155, 0.01556589, -0.02629808, -0.003600565, 2.026239, 294.0722, 2.934929
-5, 06/04/2019 04:03:01.166, 0.01548115, -0.02629794, -0.003337897, 2.047898, 293.7015, 2.968247
-5, 06/04/2019 04:03:01.177, 0.01542121, -0.02630529, -0.003180733, 2.03096, 293.4586, 3.038251
-5, 06/04/2019 04:03:01.188, 0.01534196, -0.02629836, -0.002879537, 2.002648, 293.0673, 2.940245
-5, 06/04/2019 04:03:01.199, 0.01526589, -0.02631193, -0.002609881, 2.031343, 292.6967, 2.9532
-5, 06/04/2019 04:03:01.210, 0.01523463, -0.02631713, -0.002463352, 2.091354, 292.4525, 2.99386
-5, 06/04/2019 04:03:01.221, 0.01515907, -0.02631096, -0.002155125, 2.10202, 292.0882, 2.976828
-5, 06/04/2019 04:03:01.232, 0.01506918, -0.02635977, -0.001870687, 2.101739, 291.7038, 2.844017
-5, 06/04/2019 04:03:01.244, 0.01501737, -0.0263002, -0.001591758, 2.060169, 291.3327, 2.855959
-5, 06/04/2019 04:03:01.255, 0.01496477, -0.02629846, -0.001420006, 2.073619, 291.0744, 2.945678
-5, 06/04/2019 04:03:01.265, 0.01486878, -0.02632196, -0.001148164, 2.07606, 290.6965, 2.94631
-5, 06/04/2019 04:03:01.277, 0.01477059, -0.02632847, -0.0008876909, 2.016107, 290.3424, 2.967548
-5, 06/04/2019 04:03:01.288, 0.01471813, -0.02633812, -0.0007211383, 2.057588, 290.0956, 2.976013
-5, 06/04/2019 04:03:01.299, 0.01461795, -0.0263431, -0.0004221049, 2.105719, 289.6958, 2.90866
-5, 06/04/2019 04:03:01.310, 0.01455852, -0.02627705, -0.0002402004, 2.158981, 289.4463, 2.979555
-5, 06/04/2019 04:03:01.321, 0.01445524, -0.02631193, 1.000737E-05, 2.093887, 289.0964, 2.910041
-5, 06/04/2019 04:03:01.332, 0.0143417, -0.02627213, 0.0003058645, 2.062573, 288.7222, 2.851511
-5, 06/04/2019 04:03:01.344, 0.0143222, -0.02624725, 0.0004777163, 2.091578, 288.4473, 2.95938
-5, 06/04/2019 04:03:01.354, 0.01419429, -0.02636027, 0.0007278567, 2.011604, 288.0843, 2.911818
-5, 06/04/2019 04:03:01.366, 0.01410806, -0.02630151, 0.0009958912, 2.0922, 287.6795, 2.93764
-5, 06/04/2019 04:03:01.377, 0.01404107, -0.0262713, 0.001284333, 2.12233, 287.3092, 3.013784
-5, 06/04/2019 04:03:01.388, 0.01395734, -0.02628574, 0.001445747, 2.097351, 287.0724, 2.93066
-5, 06/04/2019 04:03:01.399, 0.01382549, -0.02630547, 0.001748716, 2.08026, 286.7087, 2.948097
-5, 06/04/2019 04:03:01.410, 0.01374427, -0.02624985, 0.001926269, 2.113678, 286.4594, 2.943955
-5, 06/04/2019 04:03:01.422, 0.01361044, -0.02624658, 0.002160026, 2.080763, 286.0976, 2.892692
-5, 06/04/2019 04:03:01.433, 0.01351631, -0.0262365, 0.002426029, 2.113556, 285.7186, 2.951135
-5, 06/04/2019 04:03:01.444, 0.01346305, -0.02623679, 0.002579024, 2.139041, 285.4543, 2.90559
-5, 06/04/2019 04:03:01.455, 0.01334688, -0.02636732, 0.002824453, 2.121395, 285.0726, 2.907792
-5, 06/04/2019 04:03:01.466, 0.0132417, -0.02627851, 0.00311211, 2.107795, 284.7083, 2.860844
-5, 06/04/2019 04:03:01.477, 0.01317258, -0.02625301, 0.003281587, 2.144511, 284.4587, 2.957468
-5, 06/04/2019 04:03:01.488, 0.01306408, -0.02631558, 0.003532675, 2.099446, 284.0981, 2.944707
-5, 06/04/2019 04:03:01.499, 0.01294293, -0.02632072, 0.003794052, 2.094528, 283.7249, 2.898582
-5, 06/04/2019 04:03:01.510, 0.01283918, -0.0263009, 0.004064857, 2.13427, 283.3415, 2.953372
-5, 06/04/2019 04:03:01.521, 0.01276218, -0.02633293, 0.004227572, 2.098755, 283.0892, 2.848187
-5, 06/04/2019 04:03:01.532, 0.0125869, -0.02628587, 0.004499027, 2.043396, 282.7096, 2.8707
-5, 06/04/2019 04:03:01.543, 0.01250971, -0.02625455, 0.004694935, 2.105692, 282.4435, 2.872744
-5, 06/04/2019 04:03:01.554, 0.01238997, -0.0262202, 0.004925583, 2.131264, 282.0942, 2.874939
-5, 06/04/2019 04:03:01.566, 0.01224068, -0.02626415, 0.005179062, 2.118519, 281.731, 2.905346
-5, 06/04/2019 04:03:01.577, 0.01213894, -0.0263071, 0.005362876, 2.128108, 281.4617, 2.883119
-5, 06/04/2019 04:03:01.589, 0.01203836, -0.02632213, 0.00559133, 2.179504, 281.091, 2.933419
-5, 06/04/2019 04:03:01.600, 0.01189453, -0.02630678, 0.005833273, 2.135798, 280.7068, 2.867896
-1, 06/04/2019 04:03:01.610, 0.01178194, -0.02627394, 0.006114969, 2.129245, 280.3233, 2.908241
-1, 06/04/2019 04:03:01.622, 0.01169571, -0.02628092, 0.006291461, 2.097891, 280.0787, 2.882894
-1, 06/04/2019 04:03:01.632, 0.01158891, -0.02627832, 0.006537692, 2.109681, 279.7222, 2.862199
-1, 06/04/2019 04:03:01.643, 0.01150577, -0.02632747, 0.006690772, 2.107924, 279.4851, 2.852891
-1, 06/04/2019 04:03:01.655, 0.01139373, -0.02633936, 0.006886357, 2.113426, 279.1386, 2.917791
-1, 06/04/2019 04:03:01.666, 0.01134343, -0.02632714, 0.006997113, 2.112949, 278.8661, 2.939112
-1, 06/04/2019 04:03:01.676, 0.01134077, -0.02630624, 0.00706568, 2.078827, 278.7318, 2.900751
-1, 06/04/2019 04:03:01.688, 0.01131486, -0.02626408, 0.007131495, 2.073193, 278.5631, 2.909807
-1, 06/04/2019 04:03:01.699, 0.01124897, -0.02627365, 0.007213029, 2.096682, 278.4764, 2.912267
-1, 06/04/2019 04:03:01.710, 0.01119296, -0.02625216, 0.007273012, 2.111499, 278.4413, 2.931375
-1, 06/04/2019 04:03:01.721, 0.01110031, -0.02626687, 0.007356506, 2.140988, 278.3992, 2.877472
-1, 06/04/2019 04:03:01.732, 0.01103751, -0.02624836, 0.007431588, 2.189346, 278.3907, 2.940001
-1, 06/04/2019 04:03:01.743, 0.01101492, -0.02625359, 0.007427639, 2.19874, 278.398, 2.909713
-1, 06/04/2019 04:03:01.754, 0.01102674, -0.02624228, 0.007424608, 2.202608, 278.3979, 2.937755
-1, 06/04/2019 04:03:01.766, 0.01104125, -0.02623191, 0.007400992, 2.213408, 278.3934, 2.940769
-1, 06/04/2019 04:03:01.777, 0.0110536, -0.02622877, 0.007406875, 2.157701, 278.3492, 2.930465
-1, 06/04/2019 04:03:01.788, 0.01103453, -0.02620973, 0.007447346, 2.181984, 278.2773, 2.919549
-1, 06/04/2019 04:03:01.799, 0.01098276, -0.02620646, 0.00753116, 2.180139, 278.1893, 2.897602
-1, 06/04/2019 04:03:01.810, 0.01095776, -0.02623629, 0.007582164, 2.169748, 278.1353, 2.899939
-1, 06/04/2019 04:03:01.821, 0.01092255, -0.02625027, 0.007660329, 2.177345, 278.0267, 2.904499
-1, 06/04/2019 04:03:01.832, 0.0108792, -0.02627179, 0.007718595, 2.133376, 277.9343, 2.939545
-1, 06/04/2019 04:03:01.843, 0.01088216, -0.02625686, 0.007757102, 2.156084, 277.8771, 2.9449
-1, 06/04/2019 04:03:01.854, 0.01086383, -0.02630338, 0.007810288, 2.132911, 277.8006, 2.920226
-1, 06/04/2019 04:03:01.865, 0.01082252, -0.02630873, 0.007866575, 2.130372, 277.715, 2.893679
-1, 06/04/2019 04:03:01.876, 0.01079262, -0.02629615, 0.007899144, 2.149402, 277.6651, 2.92236
-1, 06/04/2019 04:03:01.888, 0.0107451, -0.02626049, 0.007947614, 2.143388, 277.5909, 2.944554
-1, 06/04/2019 04:03:01.899, 0.01070612, -0.02624686, 0.007995083, 2.137374, 277.5371, 2.97339
-1, 06/04/2019 04:03:01.910, 0.01067816, -0.02627539, 0.008013289, 2.146544, 277.4949, 2.964567
-1, 06/04/2019 04:03:01.921, 0.01067088, -0.0262485, 0.008046395, 2.154217, 277.4362, 2.974025
-1, 06/04/2019 04:03:01.932, 0.01063226, -0.02632784, 0.008082607, 2.136868, 277.3558, 2.905067
-1, 06/04/2019 04:03:01.943, 0.01063102, -0.02630462, 0.008108103, 2.178915, 277.3163, 2.918976
-1, 06/04/2019 04:03:01.954, 0.01060905, -0.02629861, 0.00816273, 2.198877, 277.233, 2.862634
-1, 06/04/2019 04:03:01.965, 0.01057831, -0.02630971, 0.008228699, 2.190721, 277.1488, 2.832466
-1, 06/04/2019 04:03:01.977, 0.01056154, -0.02628694, 0.008263582, 2.202252, 277.0977, 2.851784
-1, 06/04/2019 04:03:01.988, 0.01052578, -0.02629587, 0.0083185, 2.21106, 277.0227, 2.868175
-1, 06/04/2019 04:03:01.999, 0.01051054, -0.02625697, 0.008365685, 2.217248, 276.9514, 2.91282
-1, 06/04/2019 04:03:02.010, 0.01048031, -0.02626305, 0.008403842, 2.214204, 276.8936, 2.908892
-1, 06/04/2019 04:03:02.021, 0.01044985, -0.02628304, 0.008446176, 2.20885, 276.8196, 2.921739
-1, 06/04/2019 04:03:02.032, 0.01041637, -0.02627484, 0.008509175, 2.194746, 276.7401, 2.907099
-1, 06/04/2019 04:03:02.043, 0.01039923, -0.02627345, 0.008544565, 2.22862, 276.6811, 2.896549
-1, 06/04/2019 04:03:02.054, 0.01037079, -0.02622181, 0.008582099, 2.194278, 276.6118, 2.877446
-1, 06/04/2019 04:03:02.065, 0.01032478, -0.02627641, 0.008618394, 2.211885, 276.5384, 2.865921
-1, 06/04/2019 04:03:02.076, 0.01031346, -0.02625717, 0.008637335, 2.194488, 276.4851, 2.858212
-1, 06/04/2019 04:03:02.088, 0.01030055, -0.02629128, 0.008695146, 2.195819, 276.4129, 2.825062
-1, 06/04/2019 04:03:02.099, 0.0102669, -0.02632954, 0.008735213, 2.196459, 276.3453, 2.78603
-1, 06/04/2019 04:03:02.110, 0.01024147, -0.02630825, 0.008776804, 2.20596, 276.2626, 2.763918
-1, 06/04/2019 04:03:02.121, 0.01022367, -0.02631047, 0.008826911, 2.207768, 276.2175, 2.779626
-1, 06/04/2019 04:03:02.133, 0.01018709, -0.02633966, 0.008883316, 2.207373, 276.1345, 2.781961
-1, 06/04/2019 04:03:02.143, 0.01016401, -0.02632723, 0.008916513, 2.219206, 276.0818, 2.787776
-1, 06/04/2019 04:03:02.155, 0.01013462, -0.02627848, 0.008957301, 2.223143, 276.0164, 2.850656
-1, 06/04/2019 04:03:02.165, 0.01010003, -0.02625951, 0.008989769, 2.221534, 275.9434, 2.868128
-1, 06/04/2019 04:03:02.176, 0.01007907, -0.02626063, 0.009015352, 2.204462, 275.9091, 2.884415
-1, 06/04/2019 04:03:02.188, 0.01004584, -0.02623126, 0.009058424, 2.180781, 275.8247, 2.919679
-1, 06/04/2019 04:03:02.199, 0.01001519, -0.02625263, 0.009113378, 2.179017, 275.7491, 2.882171
-1, 06/04/2019 04:03:02.210, 0.01000159, -0.0262107, 0.009156638, 2.194355, 275.7008, 2.879068
-1, 06/04/2019 04:03:02.221, 0.00995448, -0.02628776, 0.009208024, 2.163951, 275.624, 2.893512
-1, 06/04/2019 04:03:02.232, 0.009923887, -0.02631966, 0.009263064, 2.164726, 275.5485, 2.881566
-1, 06/04/2019 04:03:02.243, 0.009908934, -0.0263133, 0.009290794, 2.152294, 275.4944, 2.862571
-1, 06/04/2019 04:03:02.254, 0.009884509, -0.02630756, 0.009341065, 2.16611, 275.4274, 2.86194
-1, 06/04/2019 04:03:02.265, 0.009857655, -0.02630238, 0.009376882, 2.200868, 275.3472, 2.889619
-1, 06/04/2019 04:03:02.277, 0.009829237, -0.02631798, 0.009420158, 2.200749, 275.3016, 2.848229
-1, 06/04/2019 04:03:02.288, 0.009807264, -0.02628235, 0.009466796, 2.195805, 275.2241, 2.836491
-1, 06/04/2019 04:03:02.299, 0.009778885, -0.02627113, 0.00950307, 2.225366, 275.1523, 2.862694
-1, 06/04/2019 04:03:02.310, 0.009739752, -0.02628454, 0.009544892, 2.244732, 275.1059, 2.871223
-1, 06/04/2019 04:03:02.321, 0.009717306, -0.02623327, 0.009595135, 2.290396, 275.0376, 2.880057
-1, 06/04/2019 04:03:02.332, 0.009695368, -0.02623923, 0.009633487, 2.308816, 274.9655, 2.873861
-1, 06/04/2019 04:03:02.343, 0.009668524, -0.02619955, 0.009657144, 2.31893, 274.92, 2.919619
-1, 06/04/2019 04:03:02.354, 0.009632748, -0.02621821, 0.009703889, 2.323836, 274.8401, 2.907987
-1, 06/04/2019 04:03:02.365, 0.009600897, -0.02619649, 0.009764113, 2.317175, 274.7618, 2.896907
-1, 06/04/2019 04:03:02.376, 0.009572371, -0.02620221, 0.009803114, 2.32307, 274.7115, 2.902091
-1, 06/04/2019 04:03:02.387, 0.009528754, -0.02623776, 0.009839343, 2.291477, 274.6151, 2.852998
-1, 06/04/2019 04:03:02.398, 0.009501303, -0.02624633, 0.009887264, 2.273823, 274.5516, 2.88953
-1, 06/04/2019 04:03:02.409, 0.009455975, -0.02625481, 0.009932501, 2.284896, 274.4979, 2.877452
-1, 06/04/2019 04:03:02.420, 0.009436439, -0.02622351, 0.009970746, 2.278415, 274.429, 2.873957
-1, 06/04/2019 04:03:02.432, 0.009395587, -0.02624021, 0.009992761, 2.262627, 274.3613, 2.893948
-1, 06/04/2019 04:03:02.443, 0.009387867, -0.02622604, 0.01002785, 2.290201, 274.3066, 2.887342
-1, 06/04/2019 04:03:02.454, 0.009351684, -0.02623298, 0.01008076, 2.297047, 274.243, 2.899042
-1, 06/04/2019 04:03:02.465, 0.009316557, -0.02624224, 0.01012582, 2.309173, 274.1742, 2.917743
-1, 06/04/2019 04:03:02.476, 0.009298709, -0.02622449, 0.01014797, 2.317028, 274.1319, 2.91032
-1, 06/04/2019 04:03:02.488, 0.009247305, -0.026256, 0.01019873, 2.328665, 274.0558, 2.891649
-1, 06/04/2019 04:03:02.498, 0.009213925, -0.02625423, 0.01024549, 2.30529, 273.9806, 2.912505
-1, 06/04/2019 04:03:02.510, 0.00920393, -0.02622955, 0.01027871, 2.324877, 273.9323, 2.926918
-1, 06/04/2019 04:03:02.521, 0.009191532, -0.02623322, 0.01033137, 2.350274, 273.8464, 2.895785
-1, 06/04/2019 04:03:02.532, 0.009165963, -0.02619588, 0.01037881, 2.352248, 273.791, 2.89061
-1, 06/04/2019 04:03:02.543, 0.00913135, -0.02620033, 0.01043972, 2.346557, 273.7158, 2.904075
-1, 06/04/2019 04:03:02.554, 0.009105414, -0.02618786, 0.01048536, 2.360503, 273.6406, 2.883658
-1, 06/04/2019 04:03:02.565, 0.009069138, -0.02618543, 0.01051513, 2.335489, 273.5604, 2.896239
-1, 06/04/2019 04:03:02.576, 0.009048739, -0.02619408, 0.0105448, 2.331592, 273.514, 2.900793
-1, 06/04/2019 04:03:02.587, 0.009039866, -0.02618765, 0.01059708, 2.242133, 273.4324, 2.903091
-1, 06/04/2019 04:03:02.598, 0.009021928, -0.02618142, 0.0106339, 2.248228, 273.3906, 2.909926
-1, 06/04/2019 04:03:02.609, 0.008982538, -0.02618397, 0.01068352, 2.255167, 273.3174, 2.892867
-1, 06/04/2019 04:03:02.621, 0.008946694, -0.02619734, 0.01074333, 2.224138, 273.2522, 2.885024
-1, 06/04/2019 04:03:02.632, 0.008913619, -0.02624531, 0.01078016, 2.157797, 273.1832, 2.829738
-1, 06/04/2019 04:03:02.643, 0.00888668, -0.02625283, 0.01080899, 2.159313, 273.1329, 2.81695
-1, 06/04/2019 04:03:02.654, 0.008859068, -0.02630554, 0.01083523, 2.167373, 273.0508, 2.840438
-1, 06/04/2019 04:03:02.666, 0.008815648, -0.0262886, 0.01089267, 2.190687, 272.975, 2.849859
-1, 06/04/2019 04:03:02.676, 0.008798909, -0.02629104, 0.01091809, 2.184661, 272.9235, 2.843093
-1, 06/04/2019 04:03:02.688, 0.008745559, -0.02626785, 0.01096436, 2.22313, 272.8378, 2.873474
-1, 06/04/2019 04:03:02.698, 0.008730224, -0.02624346, 0.01100684, 2.235115, 272.7425, 2.846033
-1, 06/04/2019 04:03:02.710, 0.008703706, -0.02625054, 0.01103188, 2.277008, 272.6905, 2.851438
0, 06/04/2019 04:03:02.721, 0.008669661, -0.02621661, 0.01109058, 2.299735, 272.6083, 2.905103
0, 06/04/2019 04:03:02.732, 0.008636305, -0.02622579, 0.01113558, 2.307193, 272.5358, 2.879054
0, 06/04/2019 04:03:02.743, 0.008616148, -0.02621842, 0.01116294, 2.311516, 272.4839, 2.867666
0, 06/04/2019 04:03:02.754, 0.00859722, -0.02625467, 0.01119507, 2.302417, 272.4259, 2.860964
0, 06/04/2019 04:03:02.765, 0.008599964, -0.02628747, 0.01119875, 2.287179, 272.3787, 2.895994
0, 06/04/2019 04:03:02.776, 0.008602469, -0.02626388, 0.0112105, 2.279602, 272.3448, 2.877611
0, 06/04/2019 04:03:02.787, 0.0085951, -0.02625881, 0.01120659, 2.284657, 272.325, 2.891883
0, 06/04/2019 04:03:02.798, 0.008590844, -0.02623096, 0.01121873, 2.284932, 272.3203, 2.888798
0, 06/04/2019 04:03:02.810, 0.008579397, -0.02624101, 0.01122103, 2.293905, 272.3151, 2.88893
0, 06/04/2019 04:03:02.821, 0.008561733, -0.02625231, 0.01123672, 2.288406, 272.3246, 2.890858
0, 06/04/2019 04:03:02.832, 0.008543321, -0.02622938, 0.01124865, 2.308573, 272.3351, 2.880249
0, 06/04/2019 04:03:02.843, 0.008540242, -0.02624368, 0.01123928, 2.306349, 272.3416, 2.870423
0, 06/04/2019 04:03:02.854, 0.008555239, -0.02626336, 0.01122608, 2.30074, 272.3657, 2.874028
0, 06/04/2019 04:03:02.865, 0.008570028, -0.02626546, 0.01121865, 2.300229, 272.372, 2.872906
0, 06/04/2019 04:03:02.876, 0.008581514, -0.02625659, 0.01120985, 2.286675, 272.3689, 2.889415
0, 06/04/2019 04:03:02.887, 0.008583274, -0.02624909, 0.01120534, 2.288967, 272.3704, 2.876262
0, 06/04/2019 04:03:02.898, 0.008580517, -0.02628097, 0.01121195, 2.282554, 272.3638, 2.903548
0, 06/04/2019 04:03:02.910, 0.008583467, -0.02625142, 0.01121811, 2.295625, 272.3611, 2.863545
0, 06/04/2019 04:03:02.920, 0.008579404, -0.02626475, 0.01122165, 2.285909, 272.3516, 2.885591
0, 06/04/2019 04:03:02.932, 0.008574443, -0.02624602, 0.01122179, 2.308209, 272.3518, 2.85399
0, 06/04/2019 04:03:02.943, 0.008577682, -0.02625372, 0.0112152, 2.298283, 272.3652, 2.883097
0, 06/04/2019 04:03:02.954, 0.008575674, -0.02625045, 0.01121759, 2.284688, 272.3667, 2.878529
0, 06/04/2019 04:03:02.965, 0.008569853, -0.02625197, 0.01121648, 2.297117, 272.3636, 2.876644
0, 06/04/2019 04:03:02.976, 0.008570598, -0.0262408, 0.01121975, 2.29632, 272.3566, 2.854739
0, 06/04/2019 04:03:02.987, 0.008567198, -0.02624905, 0.0112188, 2.293863, 272.3648, 2.863952
0, 06/04/2019 04:03:02.998, 0.008574067, -0.02627209, 0.0112175, 2.276414, 272.3657, 2.892078
0, 06/04/2019 04:03:03.010, 0.008564699, -0.02626263, 0.01120957, 2.280681, 272.364, 2.871833
0, 06/04/2019 04:03:03.021, 0.008568194, -0.02627109, 0.01120522, 2.285727, 272.3654, 2.873852
0, 06/04/2019 04:03:03.032, 0.008567938, -0.02628828, 0.01120273, 2.2819, 272.3674, 2.878003
0, 06/04/2019 04:03:03.043, 0.008567519, -0.0262763, 0.01120047, 2.283126, 272.3654, 2.883543
0, 06/04/2019 04:03:03.054, 0.00856562, -0.02628972, 0.01120234, 2.292568, 272.3665, 2.907015
0, 06/04/2019 04:03:03.065, 0.008564441, -0.02626979, 0.01120469, 2.290194, 272.3587, 2.912246
0, 06/04/2019 04:03:03.076, 0.008568236, -0.02625056, 0.01121351, 2.303625, 272.3622, 2.875621
0, 06/04/2019 04:03:03.087, 0.008570566, -0.02626246, 0.01121674, 2.290465, 272.364, 2.908706
0, 06/04/2019 04:03:03.098, 0.008569828, -0.02624478, 0.01121789, 2.295626, 272.3578, 2.874805
0, 06/04/2019 04:03:03.109, 0.008574123, -0.02626498, 0.01121928, 2.289542, 272.3651, 2.895763
0, 06/04/2019 04:03:03.120, 0.008573866, -0.02625925, 0.01122238, 2.288284, 272.3665, 2.902178
0, 06/04/2019 04:03:03.131, 0.008581039, -0.02624023, 0.01122596, 2.290827, 272.3574, 2.889408
0, 06/04/2019 04:03:03.142, 0.008574605, -0.02626647, 0.01122039, 2.290756, 272.3623, 2.895996
0, 06/04/2019 04:03:03.154, 0.00858018, -0.02623051, 0.01123166, 2.29834, 272.3615, 2.870257
0, 06/04/2019 04:03:03.165, 0.008573486, -0.02624959, 0.01122985, 2.302478, 272.3606, 2.870264
0, 06/04/2019 04:03:03.176, 0.008577051, -0.02624713, 0.01122586, 2.30026, 272.3606, 2.856048
0, 06/04/2019 04:03:03.187, 0.008565294, -0.02626203, 0.01122634, 2.286041, 272.3644, 2.90593
0, 06/04/2019 04:03:03.199, 0.008567756, -0.02624083, 0.01122456, 2.297931, 272.364, 2.886575
0, 06/04/2019 04:03:03.209, 0.008570745, -0.02624489, 0.01122772, 2.300477, 272.3599, 2.871159
0, 06/04/2019 04:03:03.220, 0.008575465, -0.02624214, 0.01122672, 2.290187, 272.3636, 2.869347
0, 06/04/2019 04:03:03.232, 0.008576643, -0.02623325, 0.01122536, 2.301805, 272.3614, 2.872547
0, 06/04/2019 04:03:03.243, 0.008578349, -0.02626471, 0.01122189, 2.288137, 272.3589, 2.881792
0, 06/04/2019 04:03:03.254, 0.008574076, -0.02622917, 0.01121989, 2.296851, 272.3654, 2.891987
0, 06/04/2019 04:03:03.265, 0.008570642, -0.02626002, 0.01121987, 2.28847, 272.3587, 2.909616
0, 06/04/2019 04:03:03.276, 0.008570037, -0.02626395, 0.01121502, 2.29067, 272.3641, 2.871279
0, 06/04/2019 04:03:03.287, 0.008574033, -0.02624882, 0.01122727, 2.294962, 272.3575, 2.862058
0, 06/04/2019 04:03:03.298, 0.008572993, -0.02625514, 0.0112232, 2.302445, 272.3622, 2.86299
0, 06/04/2019 04:03:03.309, 0.008571137, -0.02626327, 0.01122361, 2.292547, 272.3662, 2.883176
0, 06/04/2019 04:03:03.320, 0.00857022, -0.026272, 0.01122696, 2.297065, 272.3665, 2.874526
0, 06/04/2019 04:03:03.331, 0.00856758, -0.02626605, 0.01121432, 2.294673, 272.3641, 2.881987
0, 06/04/2019 04:03:03.342, 0.008567843, -0.02626881, 0.01120813, 2.29111, 272.3652, 2.888325
0, 06/04/2019 04:03:03.354, 0.008562895, -0.02624704, 0.0112073, 2.301477, 272.3662, 2.899375
0, 06/04/2019 04:03:03.365, 0.008566364, -0.02624777, 0.01121635, 2.291184, 272.3625, 2.880092
0, 06/04/2019 04:03:03.376, 0.008569233, -0.02625716, 0.01122562, 2.298693, 272.3592, 2.86362
0, 06/04/2019 04:03:03.387, 0.008570259, -0.02623947, 0.01122986, 2.293087, 272.3586, 2.893866
0, 06/04/2019 04:03:03.398, 0.008561239, -0.02622738, 0.01122691, 2.292573, 272.3645, 2.886865
0, 06/04/2019 04:03:03.409, 0.008559801, -0.0262204, 0.01123037, 2.303259, 272.3625, 2.899928
0, 06/04/2019 04:03:03.420, 0.008561259, -0.02623077, 0.01122769, 2.300046, 272.3689, 2.888175
0, 06/04/2019 04:03:03.431, 0.008567721, -0.02623489, 0.01123429, 2.30356, 272.3587, 2.868231
0, 06/04/2019 04:03:03.442, 0.00856806, -0.02624449, 0.01121696, 2.304668, 272.3639, 2.886694
0, 06/04/2019 04:03:03.454, 0.008565758, -0.02625243, 0.01121814, 2.299474, 272.3632, 2.884458
0, 06/04/2019 04:03:03.465, 0.008573297, -0.02623629, 0.01122149, 2.306702, 272.3643, 2.882629
0, 06/04/2019 04:03:03.476, 0.008569389, -0.02623963, 0.01122168, 2.302779, 272.357, 2.869889
0, 06/04/2019 04:03:03.487, 0.008568724, -0.02623758, 0.01122223, 2.288967, 272.3612, 2.880887
0, 06/04/2019 04:03:03.498, 0.008570285, -0.02624572, 0.01122736, 2.289212, 272.356, 2.859262
0, 06/04/2019 04:03:03.509, 0.00857157, -0.02622494, 0.01123249, 2.292176, 272.3567, 2.871445
0, 06/04/2019 04:03:03.520, 0.008561969, -0.02623419, 0.01122503, 2.284596, 272.3658, 2.88768
0, 06/04/2019 04:03:03.532, 0.008565877, -0.02622146, 0.01124243, 2.288681, 272.365, 2.877668
0, 06/04/2019 04:03:03.543, 0.008561656, -0.02623832, 0.0112264, 2.29416, 272.3658, 2.891858
0, 06/04/2019 04:03:03.553, 0.00856246, -0.0262512, 0.01121974, 2.296745, 272.3671, 2.880211
0, 06/04/2019 04:03:03.565, 0.008568353, -0.02625055, 0.01121551, 2.278384, 272.3701, 2.881309
0, 06/04/2019 04:03:03.575, 0.008570797, -0.02625812, 0.01122346, 2.298251, 272.3652, 2.889432
0, 06/04/2019 04:03:03.587, 0.008574594, -0.02624519, 0.0112267, 2.29885, 272.3625, 2.873658
0, 06/04/2019 04:03:03.598, 0.008575759, -0.02626754, 0.01121729, 2.288626, 272.3614, 2.89474
0, 06/04/2019 04:03:03.609, 0.008579567, -0.02623536, 0.01122333, 2.301912, 272.3582, 2.863828
0, 06/04/2019 04:03:03.620, 0.008570088, -0.02627025, 0.01122234, 2.295342, 272.3638, 2.909677
