Voltage, Timestamp, X position, Y position, Z position, X rotation, Y rotation, Z rotation
10, 06/04/2019 04:01:37.137, 0.008180907, -0.0263197, 0.01171841, 2.315861, 271.5778, 2.949518
10, 06/04/2019 04:01:37.178, 0.008180054, -0.02636142, 0.01167716, 2.292883, 271.6002, 2.970529
10, 06/04/2019 04:01:37.181, 0.008209655, -0.02634395, 0.01166318, 2.295643, 271.6169, 2.969326
10, 06/04/2019 04:01:37.190, 0.008303357, -0.02630779, 0.01160966, 2.262119, 271.6876, 2.988064
10, 06/04/2019 04:01:37.201, 0.008504563, -0.02634073, 0.01142008, 2.237581, 271.8653, 2.979287
10, 06/04/2019 04:01:37.212, 0.008773947, -0.02637292, 0.01113389, 2.210913, 272.1891, 3.022015
10, 06/04/2019 04:01:37.223, 0.008981413, -0.0263674, 0.01089388, 2.192428, 272.4972, 2.999172
10, 06/04/2019 04:01:37.234, 0.00928614, -0.02632345, 0.01055536, 2.142157, 273.1028, 3.027603
10, 06/04/2019 04:01:37.245, 0.009463693, -0.02629525, 0.01014938, 2.219832, 273.8092, 3.022844
10, 06/04/2019 04:01:37.256, 0.009592021, -0.02634492, 0.009878967, 2.23075, 274.3338, 2.981954
10, 06/04/2019 04:01:37.267, 0.009791838, -0.0263768, 0.00945879, 2.198792, 275.1897, 2.901639
10, 06/04/2019 04:01:37.279, 0.0100506, -0.02636238, 0.008926827, 2.245491, 276.1083, 2.879486
10, 06/04/2019 04:01:37.290, 0.01023971, -0.02635955, 0.008538066, 2.223127, 276.7315, 2.970867
10, 06/04/2019 04:01:37.310, 0.01085507, -0.02636927, 0.007487047, 2.232352, 278.2382, 2.958666
10, 06/04/2019 04:01:37.312, 0.0109571, -0.02636761, 0.007278133, 2.239632, 278.503, 2.961126
10, 06/04/2019 04:01:37.323, 0.01118706, -0.02638462, 0.006928441, 2.168689, 279.0406, 2.95286
10, 06/04/2019 04:01:37.334, 0.01152689, -0.02637341, 0.006432092, 2.110009, 279.8109, 2.932131
10, 06/04/2019 04:01:37.345, 0.01176863, -0.02639715, 0.005993751, 2.137992, 280.4997, 2.920685
10, 06/04/2019 04:01:37.357, 0.01196953, -0.02638804, 0.005675242, 2.172954, 280.9804, 2.954253
0, 06/04/2019 04:01:37.367, 0.01221877, -0.0263816, 0.005237326, 2.120534, 281.6583, 2.931762
0, 06/04/2019 04:01:37.378, 0.0124999, -0.02630738, 0.004748528, 2.103802, 282.354, 2.912696
0, 06/04/2019 04:01:37.401, 0.01292999, -0.02637691, 0.003866545, 2.135692, 283.5545, 2.953572
0, 06/04/2019 04:01:37.423, 0.01312844, -0.02632365, 0.003169928, 2.144665, 284.6439, 2.921687
0, 06/04/2019 04:01:37.434, 0.01313879, -0.02637023, 0.002888641, 2.12061, 285.187, 2.96062
0, 06/04/2019 04:01:37.445, 0.01314073, -0.02630904, 0.002738749, 2.175303, 285.5798, 2.915357
0, 06/04/2019 04:01:37.468, 0.01319936, -0.02622227, 0.002656644, 2.223556, 285.9222, 2.897209
0, 06/04/2019 04:01:37.479, 0.01327354, -0.02625056, 0.002650182, 2.214505, 285.9514, 2.857416
0, 06/04/2019 04:01:37.490, 0.01337989, -0.02626093, 0.002658074, 2.201208, 285.9217, 2.839951
0, 06/04/2019 04:01:37.501, 0.01353738, -0.02634363, 0.002608706, 2.163236, 285.828, 2.860866
0, 06/04/2019 04:01:37.512, 0.01363906, -0.02636041, 0.002544149, 2.139739, 285.6825, 2.992481
0, 06/04/2019 04:01:37.534, 0.01366333, -0.02630441, 0.002450663, 2.11876, 285.4089, 3.040338
0, 06/04/2019 04:01:37.556, 0.0134042, -0.02635965, 0.002552256, 2.116234, 285.2193, 3.036769
0, 06/04/2019 04:01:37.579, 0.01327074, -0.0263377, 0.002680752, 2.150937, 285.2206, 2.969702
0, 06/04/2019 04:01:37.601, 0.01336251, -0.02633515, 0.002631036, 2.154036, 285.3386, 2.961024
0, 06/04/2019 04:01:37.612, 0.0135021, -0.02638317, 0.002611572, 2.143224, 285.4146, 3.005072
0, 06/04/2019 04:01:37.623, 0.01353111, -0.02639981, 0.002636813, 2.127337, 285.4466, 2.982593
0, 06/04/2019 04:01:37.634, 0.01351382, -0.02642718, 0.002664241, 2.114476, 285.4723, 2.971697
0, 06/04/2019 04:01:37.645, 0.01349713, -0.02640797, 0.002679112, 2.131401, 285.4689, 2.975426
0, 06/04/2019 04:01:37.656, 0.01347023, -0.02639114, 0.002676522, 2.132122, 285.4688, 2.963188
0, 06/04/2019 04:01:37.667, 0.01339513, -0.02637386, 0.002627232, 2.129535, 285.4491, 2.998705
0, 06/04/2019 04:01:37.678, 0.01339076, -0.02635155, 0.002533437, 2.145209, 285.448, 3.030956
0, 06/04/2019 04:01:37.689, 0.01339046, -0.02637442, 0.002483492, 2.134196, 285.4407, 2.997896
0, 06/04/2019 04:01:37.703, 0.01337435, -0.0263418, 0.002470909, 2.121913, 285.4247, 3.015409
0, 06/04/2019 04:01:37.723, 0.01338771, -0.02634417, 0.002537746, 2.115186, 285.3828, 2.973804
0, 06/04/2019 04:01:37.734, 0.0134006, -0.02636591, 0.002628985, 2.1273, 285.3701, 3.00859
0, 06/04/2019 04:01:37.745, 0.01342683, -0.02639416, 0.002697311, 2.129472, 285.3709, 2.986614
0, 06/04/2019 04:01:37.756, 0.01346506, -0.02636572, 0.002697044, 2.116267, 285.3746, 2.992022
0, 06/04/2019 04:01:37.767, 0.01350909, -0.02637513, 0.002697872, 2.128729, 285.394, 2.974881
0, 06/04/2019 04:01:37.778, 0.0134945, -0.0263684, 0.002659334, 2.139506, 285.4035, 2.979712
0, 06/04/2019 04:01:37.789, 0.01346618, -0.02637342, 0.002631019, 2.133146, 285.3989, 2.997222
0, 06/04/2019 04:01:37.800, 0.01341364, -0.02636197, 0.002602135, 2.147068, 285.3878, 3.02199
0, 06/04/2019 04:01:37.812, 0.01338751, -0.02635815, 0.002589305, 2.128847, 285.3839, 3.011337
0, 06/04/2019 04:01:37.823, 0.01335851, -0.02634384, 0.002560097, 2.134498, 285.3864, 2.988617
0, 06/04/2019 04:01:37.834, 0.01335564, -0.02634903, 0.002554248, 2.116501, 285.3891, 3.007788
0, 06/04/2019 04:01:37.845, 0.01337768, -0.02636237, 0.002576815, 2.12001, 285.3858, 3.021612
0, 06/04/2019 04:01:37.856, 0.01341028, -0.02636321, 0.002578135, 2.145699, 285.3814, 3.00597
0, 06/04/2019 04:01:37.867, 0.01344147, -0.02637792, 0.002617202, 2.132419, 285.3891, 3.036834
0, 06/04/2019 04:01:37.878, 0.01348433, -0.02641769, 0.002665971, 2.128241, 285.3812, 2.999585
0, 06/04/2019 04:01:37.889, 0.01349655, -0.02643476, 0.002685355, 2.11558, 285.3753, 2.957456
0, 06/04/2019 04:01:37.900, 0.01348721, -0.02642393, 0.002682547, 2.132725, 285.3718, 2.987352
0, 06/04/2019 04:01:37.912, 0.01347422, -0.02638093, 0.002668308, 2.145139, 285.3769, 3.000904
0, 06/04/2019 04:01:37.922, 0.01346381, -0.02638382, 0.002646625, 2.133685, 285.3721, 2.997509
0, 06/04/2019 04:01:37.933, 0.01341087, -0.02635983, 0.002600503, 2.136657, 285.3757, 3.006878
0, 06/04/2019 04:01:37.945, 0.013367, -0.02636509, 0.002581192, 2.113652, 285.3826, 3.046805
0, 06/04/2019 04:01:37.956, 0.01337587, -0.02631991, 0.002579069, 2.120976, 285.3831, 3.013022
0, 06/04/2019 04:01:37.967, 0.01337896, -0.02631873, 0.002592535, 2.132455, 285.3752, 2.996588
0, 06/04/2019 04:01:37.978, 0.01337931, -0.02629948, 0.002599176, 2.12476, 285.3772, 2.984617
0, 06/04/2019 04:01:37.994, 0.01342476, -0.02630207, 0.002636035, 2.131085, 285.3869, 3.022738
0, 06/04/2019 04:01:38.005, 0.013459, -0.02635431, 0.002670258, 2.116337, 285.3792, 3.001724
0, 06/04/2019 04:01:38.016, 0.0134747, -0.02633023, 0.002688791, 2.11977, 285.3858, 3.021546
0, 06/04/2019 04:01:38.028, 0.01347729, -0.02635516, 0.00267411, 2.116102, 285.3911, 2.988724
0, 06/04/2019 04:01:38.039, 0.01347389, -0.02634698, 0.002667135, 2.14853, 285.3869, 2.994683
0, 06/04/2019 04:01:38.050, 0.01343828, -0.02635478, 0.002630146, 2.143783, 285.3831, 3.02672
0, 06/04/2019 04:01:38.061, 0.01340643, -0.02633946, 0.002616854, 2.146695, 285.3806, 3.026224
0, 06/04/2019 04:01:38.083, 0.01336934, -0.02634515, 0.002586851, 2.128364, 285.3877, 3.049559
0, 06/04/2019 04:01:38.106, 0.0133867, -0.02632915, 0.002597602, 2.117811, 285.3889, 3.008159
0, 06/04/2019 04:01:38.116, 0.01340117, -0.02635687, 0.002606049, 2.125963, 285.3842, 3.019903
0, 06/04/2019 04:01:38.128, 0.01343276, -0.0263399, 0.002630252, 2.128487, 285.3846, 3.012155
0, 06/04/2019 04:01:38.139, 0.01346589, -0.02635631, 0.002648515, 2.124948, 285.3919, 3.018695
0, 06/04/2019 04:01:38.150, 0.01348495, -0.026386, 0.002657702, 2.119969, 285.3845, 2.972873
0, 06/04/2019 04:01:38.162, 0.01347027, -0.02638989, 0.002657721, 2.098873, 285.386, 3.001586
0, 06/04/2019 04:01:38.172, 0.01346899, -0.02638013, 0.00264086, 2.125361, 285.3774, 3.0131
0, 06/04/2019 04:01:38.184, 0.01342875, -0.02639266, 0.002613472, 2.108662, 285.3813, 3.004905
0, 06/04/2019 04:01:38.206, 0.01338728, -0.02638408, 0.002581197, 2.103096, 285.3843, 3.007619
0, 06/04/2019 04:01:38.217, 0.01338121, -0.02636353, 0.002574851, 2.126494, 285.3762, 2.989958
0, 06/04/2019 04:01:38.228, 0.01338978, -0.02638355, 0.002577537, 2.113116, 285.3891, 3.02001
0, 06/04/2019 04:01:38.239, 0.01339971, -0.02636163, 0.002599, 2.130898, 285.3799, 3.016295
0, 06/04/2019 04:01:38.251, 0.0134198, -0.02636272, 0.002618832, 2.146434, 285.3745, 3.010531
0, 06/04/2019 04:01:38.262, 0.01345111, -0.02635304, 0.002651404, 2.12704, 285.3817, 2.995109
0, 06/04/2019 04:01:38.272, 0.01347023, -0.02634845, 0.00265076, 2.131826, 285.3763, 3.006601
0, 06/04/2019 04:01:38.284, 0.01348092, -0.0263641, 0.002655935, 2.123952, 285.3772, 3.004662
0, 06/04/2019 04:01:38.295, 0.01346736, -0.02635011, 0.002645489, 2.129514, 285.3804, 3.006441
0, 06/04/2019 04:01:38.305, 0.01345572, -0.02634264, 0.002630333, 2.133689, 285.3771, 3.022642
0, 06/04/2019 04:01:38.316, 0.01343025, -0.02633475, 0.002613013, 2.129728, 285.3749, 2.997232
0, 06/04/2019 04:01:38.329, 0.01340362, -0.02633465, 0.002591901, 2.1242, 285.3841, 3.040405
0, 06/04/2019 04:01:38.339, 0.01339891, -0.02633575, 0.00258191, 2.126841, 285.3808, 2.974419
0, 06/04/2019 04:01:38.350, 0.01339208, -0.0263328, 0.00258836, 2.130248, 285.3843, 3.014048
0, 06/04/2019 04:01:38.361, 0.01340245, -0.02633811, 0.002593411, 2.125046, 285.3798, 3.00376
0, 06/04/2019 04:01:38.372, 0.0134179, -0.02634041, 0.00261401, 2.122997, 285.3773, 3.003126
10, 06/04/2019 04:01:38.384, 0.01344413, -0.02634624, 0.002626463, 2.142188, 285.3847, 3.021682
10, 06/04/2019 04:01:38.394, 0.01346312, -0.02633923, 0.002644212, 2.143554, 285.3765, 3.005764
10, 06/04/2019 04:01:38.405, 0.0134808, -0.02631342, 0.002659753, 2.12009, 285.3819, 3.033724
10, 06/04/2019 04:01:38.417, 0.01348199, -0.02634784, 0.002637043, 2.128324, 285.3891, 3.015014
10, 06/04/2019 04:01:38.427, 0.01351084, -0.02632855, 0.002600607, 2.126973, 285.4099, 3.020296
10, 06/04/2019 04:01:38.439, 0.01357158, -0.0262989, 0.002456476, 2.192815, 285.5063, 3.031234
10, 06/04/2019 04:01:38.450, 0.01371202, -0.02633005, 0.002177532, 2.099191, 285.741, 3.032542
10, 06/04/2019 04:01:38.461, 0.01381849, -0.02632195, 0.001947462, 2.023263, 285.975, 3.043655
10, 06/04/2019 04:01:38.474, 0.01409246, -0.02631574, 0.001385325, 1.932209, 286.6705, 3.021179
10, 06/04/2019 04:01:38.483, 0.01422069, -0.02628738, 0.001121542, 2.038825, 287.0818, 3.109517
10, 06/04/2019 04:01:38.494, 0.01427866, -0.02636783, 0.0008282724, 2.022093, 287.5318, 3.012442
10, 06/04/2019 04:01:38.505, 0.01441258, -0.02629803, 0.0004203838, 2.077794, 288.355, 3.025535
10, 06/04/2019 04:01:38.516, 0.01450829, -0.02640196, -6.555107E-05, 2.131157, 289.2418, 2.962384
10, 06/04/2019 04:01:38.527, 0.01461363, -0.02639934, -0.0004550377, 2.075704, 289.8477, 2.936929
10, 06/04/2019 04:01:38.539, 0.01476537, -0.02639412, -0.001143598, 2.093907, 290.7723, 2.94555
10, 06/04/2019 04:01:38.550, 0.01494422, -0.02639424, -0.001793206, 2.14015, 291.6978, 2.903048
10, 06/04/2019 04:01:38.561, 0.01510861, -0.02631964, -0.00224825, 2.148471, 292.2602, 3.000405
10, 06/04/2019 04:01:38.572, 0.01526327, -0.02634186, -0.002875372, 1.996751, 293.0634, 2.966195
10, 06/04/2019 04:01:38.583, 0.01545382, -0.02635667, -0.003442089, 2.026366, 293.816, 2.980094
10, 06/04/2019 04:01:38.594, 0.01554816, -0.02636866, -0.003773839, 2.028487, 294.2831, 2.956673
0, 06/04/2019 04:01:38.605, 0.0156773, -0.0262979, -0.004274013, 2.13289, 294.9507, 3.011503
0, 06/04/2019 04:01:38.617, 0.01583541, -0.02640504, -0.00481636, 1.961126, 295.6791, 2.994206
0, 06/04/2019 04:01:38.627, 0.01594611, -0.02638036, -0.005128879, 2.026294, 296.1251, 2.98088
0, 06/04/2019 04:01:38.639, 0.01608015, -0.02634374, -0.005701616, 2.083498, 296.8202, 3.028062
0, 06/04/2019 04:01:38.650, 0.01614802, -0.02641394, -0.006175269, 1.945416, 297.5056, 3.027529
0, 06/04/2019 04:01:38.661, 0.01614922, -0.0263112, -0.006409375, 2.102059, 297.9241, 3.027754
0, 06/04/2019 04:01:38.672, 0.01611061, -0.02639707, -0.006701082, 2.08428, 298.4383, 2.963863
0, 06/04/2019 04:01:38.683, 0.01602949, -0.02630407, -0.006871956, 2.139425, 298.8123, 2.957093
0, 06/04/2019 04:01:38.694, 0.01601561, -0.02627302, -0.006906147, 2.151276, 298.9826, 2.919565
0, 06/04/2019 04:01:38.705, 0.01601107, -0.02630036, -0.006949916, 2.153186, 299.143, 2.922882
0, 06/04/2019 04:01:38.716, 0.01607862, -0.02626028, -0.006984598, 2.116901, 299.1835, 2.887754
0, 06/04/2019 04:01:38.727, 0.01617607, -0.0262733, -0.0070265, 2.104622, 299.1684, 2.908325
0, 06/04/2019 04:01:38.739, 0.01631111, -0.0263847, -0.007152702, 2.094029, 299.0711, 2.961128
0, 06/04/2019 04:01:38.750, 0.01642518, -0.02646415, -0.007258882, 2.054764, 298.9524, 3.068004
0, 06/04/2019 04:01:38.761, 0.01644795, -0.02646652, -0.007315457, 2.045577, 298.8398, 3.058349
0, 06/04/2019 04:01:38.772, 0.01646408, -0.02641136, -0.007316673, 2.002365, 298.696, 3.071233
0, 06/04/2019 04:01:38.783, 0.01633583, -0.02635379, -0.007211055, 2.014103, 298.5596, 3.125407
0, 06/04/2019 04:01:38.795, 0.0162215, -0.02631555, -0.007070567, 2.035262, 298.5031, 3.131576
0, 06/04/2019 04:01:38.805, 0.01612516, -0.026301, -0.006951848, 2.075107, 298.4758, 3.11387
0, 06/04/2019 04:01:38.817, 0.01611905, -0.02632736, -0.006943198, 2.081236, 298.5148, 3.086253
0, 06/04/2019 04:01:38.828, 0.01612439, -0.02633125, -0.00698529, 2.076683, 298.5595, 3.103772
0, 06/04/2019 04:01:38.840, 0.0161969, -0.02634381, -0.007048281, 2.064168, 298.6353, 3.110129
0, 06/04/2019 04:01:38.850, 0.01629074, -0.02636841, -0.007098942, 2.0312, 298.7093, 3.07596
0, 06/04/2019 04:01:38.861, 0.01632822, -0.02635463, -0.007088068, 2.047264, 298.7318, 3.08659
0, 06/04/2019 04:01:38.872, 0.01631822, -0.02640076, -0.007044375, 2.058161, 298.7373, 3.063092
0, 06/04/2019 04:01:38.883, 0.0163279, -0.02638064, -0.007010732, 2.073554, 298.7433, 3.043787
0, 06/04/2019 04:01:38.894, 0.01628342, -0.02636489, -0.007014294, 2.067276, 298.7301, 3.066979
0, 06/04/2019 04:01:38.905, 0.01622224, -0.02638014, -0.007053647, 2.065514, 298.7284, 3.078343
0, 06/04/2019 04:01:38.916, 0.01620946, -0.02635487, -0.007128377, 2.055804, 298.7263, 3.095701
0, 06/04/2019 04:01:38.927, 0.01620481, -0.02636169, -0.007167866, 2.053574, 298.7294, 3.132668
0, 06/04/2019 04:01:38.939, 0.0161934, -0.02636049, -0.007176562, 2.050055, 298.7102, 3.115906
0, 06/04/2019 04:01:38.949, 0.0161912, -0.02635481, -0.007141014, 2.042133, 298.6907, 3.087
0, 06/04/2019 04:01:38.960, 0.01621893, -0.02635515, -0.007098053, 2.042286, 298.6799, 3.065001
0, 06/04/2019 04:01:38.972, 0.01623287, -0.02636694, -0.007029728, 2.062152, 298.6585, 3.074678
0, 06/04/2019 04:01:38.983, 0.01627684, -0.02635116, -0.006996662, 2.049614, 298.6668, 3.074795
0, 06/04/2019 04:01:38.994, 0.01630442, -0.02634729, -0.007004109, 2.051752, 298.6794, 3.071233
0, 06/04/2019 04:01:39.005, 0.0163372, -0.0263561, -0.00701209, 2.057567, 298.6865, 3.091717
0, 06/04/2019 04:01:39.016, 0.0163179, -0.02634464, -0.007037855, 2.056021, 298.6836, 3.098655
0, 06/04/2019 04:01:39.027, 0.01627791, -0.02636438, -0.007055358, 2.067327, 298.6826, 3.111943
0, 06/04/2019 04:01:39.038, 0.0162471, -0.02633512, -0.007061654, 2.041299, 298.6828, 3.061111
0, 06/04/2019 04:01:39.050, 0.01618567, -0.02632975, -0.007071448, 2.062457, 298.6758, 3.072924
0, 06/04/2019 04:01:39.061, 0.01616517, -0.02632449, -0.007089113, 2.057142, 298.6806, 3.080584
0, 06/04/2019 04:01:39.071, 0.01616506, -0.02630636, -0.007091076, 2.062258, 298.6753, 3.077722
0, 06/04/2019 04:01:39.083, 0.01619427, -0.02634612, -0.007082307, 2.051085, 298.6785, 3.071141
0, 06/04/2019 04:01:39.094, 0.01621529, -0.02634867, -0.007083566, 2.056767, 298.6741, 3.094273
0, 06/04/2019 04:01:39.105, 0.01625743, -0.02635876, -0.007055173, 2.051896, 298.6713, 3.077656
0, 06/04/2019 04:01:39.116, 0.01629619, -0.02635346, -0.007019826, 2.052963, 298.6727, 3.083741
0, 06/04/2019 04:01:39.128, 0.01630848, -0.02637236, -0.007015025, 2.049747, 298.6692, 3.078368
0, 06/04/2019 04:01:39.138, 0.01630169, -0.02636799, -0.007015307, 2.055979, 298.664, 3.083754
0, 06/04/2019 04:01:39.149, 0.01628016, -0.02637222, -0.007034082, 2.037868, 298.6655, 3.077616
0, 06/04/2019 04:01:39.161, 0.01625937, -0.02638178, -0.007042327, 2.04603, 298.6666, 3.076
0, 06/04/2019 04:01:39.172, 0.01621901, -0.02637235, -0.00707997, 2.058928, 298.657, 3.094588
0, 06/04/2019 04:01:39.182, 0.01618854, -0.0263582, -0.007096374, 2.049975, 298.6577, 3.106585
0, 06/04/2019 04:01:39.194, 0.01618003, -0.02634348, -0.007094016, 2.059761, 298.6595, 3.089913
0, 06/04/2019 04:01:39.205, 0.01618036, -0.02633971, -0.007087007, 2.057469, 298.6624, 3.088629
0, 06/04/2019 04:01:39.216, 0.01620367, -0.02636382, -0.007077121, 2.055052, 298.6609, 3.092135
0, 06/04/2019 04:01:39.227, 0.01622591, -0.02637187, -0.007062764, 2.021137, 298.6628, 3.06025
0, 06/04/2019 04:01:39.238, 0.01626106, -0.02637191, -0.007046662, 2.036241, 298.6625, 3.079401
0, 06/04/2019 04:01:39.250, 0.01627646, -0.0263906, -0.007049559, 2.034489, 298.6644, 3.071418
0, 06/04/2019 04:01:39.261, 0.01628373, -0.02637859, -0.007029992, 2.0351, 298.6688, 3.071742
0, 06/04/2019 04:01:39.272, 0.01628131, -0.02638362, -0.007036799, 2.030901, 298.6648, 3.073131
0, 06/04/2019 04:01:39.283, 0.0162582, -0.02637666, -0.007061436, 2.046301, 298.6654, 3.100125
0, 06/04/2019 04:01:39.294, 0.01624019, -0.02636922, -0.007063763, 2.056219, 298.666, 3.093507
0, 06/04/2019 04:01:39.305, 0.01620324, -0.02636533, -0.007088122, 2.073639, 298.6643, 3.104435
0, 06/04/2019 04:01:39.316, 0.01619656, -0.02636715, -0.007107006, 2.064332, 298.6713, 3.11247
0, 06/04/2019 04:01:39.327, 0.01618229, -0.02633908, -0.007098602, 2.070366, 298.6644, 3.105969
0, 06/04/2019 04:01:39.338, 0.01620255, -0.02632791, -0.007088045, 2.058181, 298.6736, 3.089525
0, 06/04/2019 04:01:39.349, 0.0162211, -0.026334, -0.007078786, 2.05059, 298.6696, 3.091078
0, 06/04/2019 04:01:39.360, 0.0162454, -0.02635085, -0.007062199, 2.051072, 298.6678, 3.095891
0, 06/04/2019 04:01:39.371, 0.01628233, -0.02635624, -0.007039008, 2.06084, 298.6706, 3.094804
0, 06/04/2019 04:01:39.383, 0.01631316, -0.02633524, -0.00702756, 2.058943, 298.6698, 3.063597
0, 06/04/2019 04:01:39.393, 0.01631394, -0.02634285, -0.007023394, 2.060574, 298.6695, 3.081466
0, 06/04/2019 04:01:39.405, 0.01629771, -0.02635137, -0.007034476, 2.072501, 298.67, 3.105025
0, 06/04/2019 04:01:39.416, 0.01627484, -0.02635253, -0.007058257, 2.039175, 298.6654, 3.082114
0, 06/04/2019 04:01:39.427, 0.01625221, -0.02635849, -0.007065554, 2.046133, 298.6671, 3.104325
0, 06/04/2019 04:01:39.438, 0.016225, -0.02635433, -0.007074072, 2.047176, 298.6647, 3.087816
0, 06/04/2019 04:01:39.449, 0.01621699, -0.0263347, -0.007078342, 2.054199, 298.6676, 3.082715
0, 06/04/2019 04:01:39.461, 0.01621668, -0.0263401, -0.007077767, 2.05338, 298.6681, 3.09176
0, 06/04/2019 04:01:39.472, 0.01623075, -0.02632002, -0.007071565, 2.052344, 298.6696, 3.088746
0, 06/04/2019 04:01:39.482, 0.01627118, -0.02633579, -0.007059039, 2.035612, 298.6681, 3.099475
-10, 06/04/2019 04:01:39.493, 0.01628033, -0.02634974, -0.007052266, 2.033024, 298.6681, 3.067047
-10, 06/04/2019 04:01:39.504, 0.0162987, -0.02634894, -0.007041669, 2.047078, 298.6681, 3.102966
-10, 06/04/2019 04:01:39.516, 0.01631164, -0.02634932, -0.007041019, 2.077668, 298.6605, 3.102512
-10, 06/04/2019 04:01:39.527, 0.01630202, -0.02634297, -0.007025548, 2.042513, 298.6605, 3.079328
-10, 06/04/2019 04:01:39.537, 0.0162401, -0.02635564, -0.006975566, 2.06261, 298.6145, 3.069923
-10, 06/04/2019 04:01:39.549, 0.01615971, -0.02637739, -0.006789769, 2.058482, 298.4833, 2.990774
-10, 06/04/2019 04:01:39.560, 0.01609232, -0.02633161, -0.006589655, 2.127372, 298.3186, 2.91835
-10, 06/04/2019 04:01:39.571, 0.0159311, -0.0262883, -0.00621677, 2.128844, 297.9814, 2.907248
-10, 06/04/2019 04:01:39.583, 0.01582582, -0.02634652, -0.00589656, 2.1065, 297.6361, 2.869405
-10, 06/04/2019 04:01:39.594, 0.01574191, -0.02625805, -0.005358265, 2.157164, 297.0378, 2.881893
-10, 06/04/2019 04:01:39.605, 0.01569909, -0.02624453, -0.004813031, 2.150657, 296.2951, 2.821703
-10, 06/04/2019 04:01:39.616, 0.01569141, -0.02628898, -0.004318855, 2.089434, 295.4908, 2.886192
-10, 06/04/2019 04:01:39.627, 0.01569871, -0.02630418, -0.004015091, 2.150889, 294.8937, 2.904442
-10, 06/04/2019 04:01:39.638, 0.01566808, -0.02638649, -0.003559797, 2.012703, 294.0011, 2.981902
-10, 06/04/2019 04:01:39.649, 0.01556632, -0.02637394, -0.003073931, 2.029987, 293.1034, 3.005553
-10, 06/04/2019 04:01:39.661, 0.01544202, -0.02638535, -0.002694956, 2.049098, 292.4926, 3.045112
-10, 06/04/2019 04:01:39.672, 0.01513842, -0.02637074, -0.002069657, 1.971614, 291.602, 2.943335
-10, 06/04/2019 04:01:39.683, 0.01481725, -0.02633558, -0.001349777, 2.040833, 290.7642, 2.991453
-10, 06/04/2019 04:01:39.694, 0.01465823, -0.02633231, -0.0009540957, 2.059029, 290.2667, 3.019727
-10, 06/04/2019 04:01:39.705, 0.01445552, -0.02633656, -0.000352926, 2.133257, 289.5536, 2.968711
0, 06/04/2019 04:01:39.716, 0.01435988, -0.02632878, -3.99178E-06, 2.103885, 289.1123, 2.91144
0, 06/04/2019 04:01:39.726, 0.01427612, -0.02624927, 0.0004906922, 2.087567, 288.4612, 2.94229
0, 06/04/2019 04:01:39.738, 0.01416861, -0.02634691, 0.0009609457, 2.075789, 287.7534, 2.924461
0, 06/04/2019 04:01:39.749, 0.01401312, -0.0263325, 0.001488314, 2.110125, 287.0787, 2.943095
0, 06/04/2019 04:01:39.760, 0.01386618, -0.02635218, 0.001870484, 2.112874, 286.6133, 2.919336
0, 06/04/2019 04:01:39.772, 0.01371435, -0.02631558, 0.002253825, 2.104502, 285.9821, 2.9423
0, 06/04/2019 04:01:39.782, 0.013639, -0.02630973, 0.002413938, 2.166822, 285.6078, 3.005072
0, 06/04/2019 04:01:39.794, 0.01359378, -0.02632488, 0.002509152, 2.078447, 285.2213, 3.036697
0, 06/04/2019 04:01:39.806, 0.01359977, -0.02630248, 0.002559276, 2.032313, 284.9648, 3.035412
0, 06/04/2019 04:01:39.816, 0.01355883, -0.0263358, 0.002626086, 2.015476, 284.8462, 3.012888
0, 06/04/2019 04:01:39.827, 0.0134874, -0.02634, 0.002697664, 2.021589, 284.8159, 2.995454
0, 06/04/2019 04:01:39.838, 0.01337433, -0.02636727, 0.002812911, 2.074449, 284.867, 2.994301
0, 06/04/2019 04:01:39.849, 0.01332961, -0.02636423, 0.002911941, 2.086147, 284.9344, 2.917143
0, 06/04/2019 04:01:39.860, 0.01328809, -0.02636625, 0.00299868, 2.122004, 285.0779, 2.859615
0, 06/04/2019 04:01:39.871, 0.01334287, -0.02634025, 0.002917312, 2.123248, 285.2497, 2.871973
0, 06/04/2019 04:01:39.883, 0.01342371, -0.02627064, 0.002868261, 2.124341, 285.4006, 2.884316
0, 06/04/2019 04:01:39.893, 0.01344253, -0.0262867, 0.002801395, 2.12528, 285.4697, 2.961539
0, 06/04/2019 04:01:39.904, 0.01345588, -0.0262887, 0.002687346, 2.132501, 285.5094, 2.917335
0, 06/04/2019 04:01:39.916, 0.0134599, -0.02632953, 0.002650178, 2.117647, 285.5152, 2.939724
0, 06/04/2019 04:01:39.927, 0.01344274, -0.0263101, 0.002607397, 2.124217, 285.4731, 2.960822
0, 06/04/2019 04:01:39.938, 0.01342509, -0.0263103, 0.002547122, 2.143933, 285.4105, 2.973098
0, 06/04/2019 04:01:39.949, 0.01340623, -0.02632501, 0.002556348, 2.118567, 285.3523, 3.011116
0, 06/04/2019 04:01:39.961, 0.01341027, -0.02630218, 0.002584005, 2.134254, 285.3163, 2.989293
0, 06/04/2019 04:01:39.971, 0.01339764, -0.02633871, 0.002618776, 2.150956, 285.2697, 2.972228
0, 06/04/2019 04:01:39.983, 0.01341935, -0.02632572, 0.002662678, 2.138666, 285.2601, 2.988865
0, 06/04/2019 04:01:39.993, 0.01343072, -0.02636446, 0.002727866, 2.131924, 285.2468, 2.980309
0, 06/04/2019 04:01:40.004, 0.01346029, -0.02639209, 0.002767557, 2.140987, 285.2532, 2.964082
0, 06/04/2019 04:01:40.015, 0.01347305, -0.02637056, 0.002771424, 2.140843, 285.2588, 2.954355
0, 06/04/2019 04:01:40.027, 0.0134634, -0.02638923, 0.002768945, 2.146706, 285.2721, 2.962584
0, 06/04/2019 04:01:40.038, 0.01344651, -0.0263596, 0.002746182, 2.131904, 285.2941, 2.967044
0, 06/04/2019 04:01:40.049, 0.01342039, -0.02636687, 0.002695393, 2.129435, 285.3029, 2.962898
0, 06/04/2019 04:01:40.060, 0.01338232, -0.0263378, 0.002668806, 2.134688, 285.3157, 2.956706
0, 06/04/2019 04:01:40.071, 0.01336593, -0.02634774, 0.002625319, 2.146491, 285.3178, 2.971835
0, 06/04/2019 04:01:40.083, 0.01335956, -0.02634984, 0.00260955, 2.132761, 285.3237, 2.967407
0, 06/04/2019 04:01:40.093, 0.01336017, -0.02633953, 0.002613824, 2.130941, 285.3257, 2.98305
0, 06/04/2019 04:01:40.105, 0.01338762, -0.02632988, 0.002645874, 2.119652, 285.3207, 2.98165
0, 06/04/2019 04:01:40.115, 0.01341112, -0.02633761, 0.00265454, 2.133006, 285.3205, 2.976726
0, 06/04/2019 04:01:40.127, 0.01343013, -0.0263608, 0.002688047, 2.145757, 285.3126, 2.971486
0, 06/04/2019 04:01:40.138, 0.01345263, -0.02636461, 0.002716403, 2.156716, 285.3112, 2.982699
0, 06/04/2019 04:01:40.149, 0.01346866, -0.02636729, 0.002711507, 2.138789, 285.3159, 2.987128
0, 06/04/2019 04:01:40.160, 0.01345159, -0.02636043, 0.002717831, 2.139971, 285.3174, 2.95704
0, 06/04/2019 04:01:40.171, 0.01342251, -0.02635944, 0.002682968, 2.172598, 285.3106, 2.981467
0, 06/04/2019 04:01:40.182, 0.01341309, -0.02635893, 0.002660692, 2.138089, 285.3152, 2.961645
0, 06/04/2019 04:01:40.193, 0.01338434, -0.02636445, 0.002631991, 2.145454, 285.3176, 2.966773
0, 06/04/2019 04:01:40.205, 0.01337649, -0.026317, 0.002618735, 2.1444, 285.3356, 2.960513
0, 06/04/2019 04:01:40.215, 0.01337014, -0.02634436, 0.002612024, 2.119397, 285.3369, 2.975385
0, 06/04/2019 04:01:40.227, 0.01338661, -0.026311, 0.002622549, 2.141171, 285.3336, 2.993582
0, 06/04/2019 04:01:40.238, 0.01339545, -0.02634443, 0.002640101, 2.127411, 285.3341, 2.975646
0, 06/04/2019 04:01:40.249, 0.01342238, -0.02633096, 0.002659276, 2.135641, 285.3241, 2.969927
0, 06/04/2019 04:01:40.260, 0.01345047, -0.02634925, 0.002688469, 2.131151, 285.3289, 2.985682
0, 06/04/2019 04:01:40.272, 0.01346047, -0.02636804, 0.002713174, 2.141495, 285.3266, 2.976397
0, 06/04/2019 04:01:40.282, 0.01346403, -0.02633961, 0.002710469, 2.134288, 285.3321, 3.016576
0, 06/04/2019 04:01:40.293, 0.01345982, -0.02635684, 0.002708423, 2.123145, 285.3289, 2.981114
0, 06/04/2019 04:01:40.305, 0.0134262, -0.02635543, 0.002669768, 2.11212, 285.3258, 2.972897
0, 06/04/2019 04:01:40.316, 0.01341826, -0.02635873, 0.002648024, 2.129151, 285.3267, 2.976307
0, 06/04/2019 04:01:40.327, 0.01340174, -0.02634046, 0.002625119, 2.112297, 285.3348, 2.97773
0, 06/04/2019 04:01:40.338, 0.01338172, -0.02633604, 0.002612048, 2.118583, 285.3367, 2.997223
0, 06/04/2019 04:01:40.349, 0.01337777, -0.02633891, 0.002622034, 2.109217, 285.3423, 3.009875
0, 06/04/2019 04:01:40.360, 0.01339987, -0.02631982, 0.002638267, 2.122992, 285.3291, 2.986554
0, 06/04/2019 04:01:40.371, 0.01341687, -0.02634314, 0.002668372, 2.139648, 285.326, 2.997339
0, 06/04/2019 04:01:40.382, 0.01343227, -0.02630099, 0.002692732, 2.137671, 285.3291, 2.977233
0, 06/04/2019 04:01:40.393, 0.01344868, -0.02633176, 0.002713463, 2.131382, 285.33, 3.01391
0, 06/04/2019 04:01:40.404, 0.01346109, -0.02639417, 0.002708046, 2.129634, 285.3206, 2.985419
0, 06/04/2019 04:01:40.416, 0.0134614, -0.02635483, 0.002707097, 2.110123, 285.3251, 2.967314
0, 06/04/2019 04:01:40.428, 0.01344243, -0.02638905, 0.002698799, 2.116053, 285.3243, 2.959733
0, 06/04/2019 04:01:40.438, 0.01342846, -0.0263454, 0.002656637, 2.146936, 285.3214, 2.977083
0, 06/04/2019 04:01:40.449, 0.01341376, -0.02636646, 0.002643985, 2.145634, 285.3268, 2.97915
0, 06/04/2019 04:01:40.460, 0.01340478, -0.02634141, 0.002625135, 2.143794, 285.3255, 2.992936
0, 06/04/2019 04:01:40.471, 0.01339495, -0.02631859, 0.002627387, 2.128474, 285.3293, 2.980258
0, 06/04/2019 04:01:40.482, 0.01339632, -0.02633008, 0.002634551, 2.152471, 285.3284, 3.00325
0, 06/04/2019 04:01:40.493, 0.01340859, -0.02632271, 0.002639438, 2.129215, 285.3289, 2.981592
0, 06/04/2019 04:01:40.504, 0.0134249, -0.02635486, 0.002658179, 2.155998, 285.326, 2.994462
0, 06/04/2019 04:01:40.515, 0.013446, -0.02630731, 0.002676388, 2.144285, 285.3215, 2.994435
0, 06/04/2019 04:01:40.526, 0.01344929, -0.0263585, 0.002693332, 2.133219, 285.3169, 2.962372
0, 06/04/2019 04:01:40.538, 0.01345981, -0.02633059, 0.002696258, 2.137823, 285.3267, 2.971143
0, 06/04/2019 04:01:40.549, 0.01344946, -0.02632617, 0.00267339, 2.137028, 285.3198, 2.998497
0, 06/04/2019 04:01:40.559, 0.01343929, -0.02635456, 0.002663645, 2.153713, 285.315, 2.993469
0, 06/04/2019 04:01:40.571, 0.0134179, -0.02634637, 0.002645994, 2.164316, 285.3116, 2.988245
0, 06/04/2019 04:01:40.582, 0.01339697, -0.02633873, 0.002637835, 2.126895, 285.3261, 2.98637
0, 06/04/2019 04:01:40.593, 0.013395, -0.02630541, 0.002634506, 2.133611, 285.3224, 2.978755
-10, 06/04/2019 04:01:40.604, 0.0133888, -0.02634207, 0.002625776, 2.136641, 285.3185, 2.976951
-10, 06/04/2019 04:01:40.615, 0.01340043, -0.0263182, 0.002641514, 2.139832, 285.3252, 2.990854
-10, 06/04/2019 04:01:40.627, 0.01340543, -0.02634628, 0.002655982, 2.150904, 285.322, 2.964404
-10, 06/04/2019 04:01:40.637, 0.01341307, -0.02636485, 0.002698343, 2.143765, 285.3117, 2.984649
-10, 06/04/2019 04:01:40.649, 0.01339049, -0.02632846, 0.002747834, 2.149442, 285.2943, 2.95031
-10, 06/04/2019 04:01:40.660, 0.01330546, -0.02638813, 0.002875791, 2.134499, 285.1865, 2.866902
-10, 06/04/2019 04:01:40.671, 0.01315329, -0.026308, 0.00313505, 2.181528, 284.9637, 2.817415
-10, 06/04/2019 04:01:40.682, 0.01300364, -0.02622194, 0.003373417, 2.234098, 284.7379, 2.869807
-10, 06/04/2019 04:01:40.693, 0.01272815, -0.02625932, 0.00382249, 2.1706, 284.2545, 2.774177
-10, 06/04/2019 04:01:40.704, 0.0124791, -0.02619554, 0.004316271, 2.245198, 283.6346, 2.742615
-10, 06/04/2019 04:01:40.715, 0.01232199, -0.02621532, 0.004669037, 2.268919, 283.1304, 2.839861
-10, 06/04/2019 04:01:40.726, 0.01221251, -0.02624279, 0.005069045, 2.256751, 282.3358, 2.773275
-10, 06/04/2019 04:01:40.737, 0.01206922, -0.02632902, 0.005518109, 2.197017, 281.4974, 2.849296
-10, 06/04/2019 04:01:40.748, 0.01201198, -0.02637604, 0.005752902, 2.188631, 280.9324, 2.949174
-10, 06/04/2019 04:01:40.759, 0.01181976, -0.02631742, 0.006204891, 2.054991, 279.9879, 2.934105
-10, 06/04/2019 04:01:40.771, 0.01154257, -0.02631613, 0.006722347, 2.0907, 279.0741, 2.974094
-10, 06/04/2019 04:01:40.782, 0.01124234, -0.02630329, 0.007111275, 2.099365, 278.4537, 2.911852
-10, 06/04/2019 04:01:40.794, 0.01073511, -0.02624382, 0.007782321, 2.115834, 277.614, 3.004995
-10, 06/04/2019 04:01:40.804, 0.01037542, -0.02625815, 0.008358692, 2.212806, 276.8371, 2.930369
-10, 06/04/2019 04:01:40.815, 0.01017655, -0.0263043, 0.008692219, 2.187171, 276.3634, 2.820053
0, 06/04/2019 04:01:40.826, 0.009926727, -0.02624391, 0.009174444, 2.183469, 275.6896, 2.877777
0, 06/04/2019 04:01:40.838, 0.00973773, -0.02623286, 0.009602688, 2.269267, 275.0556, 2.863302
0, 06/04/2019 04:01:40.848, 0.009558434, -0.02623616, 0.009884679, 2.287025, 274.5988, 2.902562
0, 06/04/2019 04:01:40.860, 0.009246821, -0.02624846, 0.01033517, 2.355421, 273.9268, 2.920511
0, 06/04/2019 04:01:40.871, 0.008964516, -0.02625271, 0.0107856, 2.161436, 273.2383, 2.864239
0, 06/04/2019 04:01:40.882, 0.008803046, -0.02629677, 0.0109989, 2.25403, 272.7873, 2.839585
0, 06/04/2019 04:01:40.893, 0.00863283, -0.02626003, 0.01121176, 2.269909, 272.2543, 2.90315
0, 06/04/2019 04:01:40.904, 0.008583732, -0.02625732, 0.01131733, 2.230115, 271.8974, 3.014288
0, 06/04/2019 04:01:40.915, 0.008584603, -0.02623334, 0.01136565, 2.188064, 271.7301, 3.022805
0, 06/04/2019 04:01:40.926, 0.008565421, -0.02621106, 0.01143241, 2.148873, 271.6029, 3.009397
0, 06/04/2019 04:01:40.937, 0.008452236, -0.02621239, 0.01153213, 2.184083, 271.5608, 2.986489
0, 06/04/2019 04:01:40.948, 0.00836939, -0.02622577, 0.01160255, 2.248363, 271.5849, 2.969441
0, 06/04/2019 04:01:40.960, 0.008237437, -0.02625628, 0.0117045, 2.301497, 271.6753, 2.978515
0, 06/04/2019 04:01:40.971, 0.008201671, -0.02625181, 0.01173007, 2.316563, 271.8226, 2.929056
0, 06/04/2019 04:01:40.983, 0.008266053, -0.02620776, 0.01163692, 2.346005, 271.9897, 2.943353
0, 06/04/2019 04:01:40.993, 0.008326024, -0.02620145, 0.01159379, 2.36487, 272.07, 2.909974
0, 06/04/2019 04:01:41.004, 0.008357685, -0.02623592, 0.01152659, 2.349717, 272.1437, 2.909734
0, 06/04/2019 04:01:41.015, 0.008397285, -0.02622935, 0.01140679, 2.352358, 272.2044, 2.914552
0, 06/04/2019 04:01:41.026, 0.008438127, -0.02624961, 0.01132725, 2.348467, 272.1979, 2.942652
0, 06/04/2019 04:01:41.037, 0.008427843, -0.02619975, 0.01130955, 2.324295, 272.158, 2.92795
0, 06/04/2019 04:01:41.048, 0.008437024, -0.02621594, 0.0113028, 2.317759, 272.1235, 2.956426
0, 06/04/2019 04:01:41.060, 0.008416179, -0.02620118, 0.01132516, 2.30111, 272.0635, 2.943158
0, 06/04/2019 04:01:41.071, 0.008408812, -0.02620582, 0.01140006, 2.289359, 272.0129, 2.944156
0, 06/04/2019 04:01:41.082, 0.008409132, -0.02621526, 0.01142827, 2.298079, 271.9833, 2.913539
0, 06/04/2019 04:01:41.093, 0.008428397, -0.02624408, 0.0114735, 2.31062, 271.9584, 2.913804
0, 06/04/2019 04:01:41.104, 0.008427307, -0.02625241, 0.01152102, 2.277906, 271.9594, 2.914139
0, 06/04/2019 04:01:41.115, 0.008438887, -0.02625895, 0.01154439, 2.285342, 271.9674, 2.939253
0, 06/04/2019 04:01:41.126, 0.008450711, -0.02627994, 0.01152055, 2.307896, 271.9744, 2.929481
0, 06/04/2019 04:01:41.137, 0.008432092, -0.02626321, 0.01151178, 2.287678, 271.9914, 2.911931
0, 06/04/2019 04:01:41.148, 0.008426685, -0.02623395, 0.0114882, 2.321401, 272.0012, 2.902293
0, 06/04/2019 04:01:41.160, 0.008404001, -0.02622789, 0.01144275, 2.31869, 272.0136, 2.896546
0, 06/04/2019 04:01:41.170, 0.008382057, -0.02622109, 0.01141034, 2.318722, 272.0295, 2.920603
0, 06/04/2019 04:01:41.182, 0.008378614, -0.02620412, 0.01139305, 2.312169, 272.0381, 2.944721
0, 06/04/2019 04:01:41.193, 0.008387878, -0.02622084, 0.01138019, 2.302015, 272.0337, 2.935182
0, 06/04/2019 04:01:41.204, 0.008383914, -0.02622226, 0.01139901, 2.303393, 272.0329, 2.948991
0, 06/04/2019 04:01:41.216, 0.008415483, -0.02622003, 0.0114331, 2.311023, 272.0276, 2.912482
0, 06/04/2019 04:01:41.226, 0.008430311, -0.02623041, 0.01144802, 2.308182, 272.0251, 2.928356
0, 06/04/2019 04:01:41.237, 0.008432105, -0.0262434, 0.01148127, 2.326272, 272.0249, 2.93658
0, 06/04/2019 04:01:41.248, 0.008442752, -0.02629381, 0.01149102, 2.302471, 272.0186, 2.910181
0, 06/04/2019 04:01:41.259, 0.008448117, -0.02626057, 0.01149029, 2.316894, 272.0206, 2.932728
0, 06/04/2019 04:01:41.271, 0.00843466, -0.02628877, 0.01147668, 2.309495, 272.0216, 2.918193
0, 06/04/2019 04:01:41.282, 0.008416387, -0.02625769, 0.0114619, 2.327549, 272.0258, 2.917704
0, 06/04/2019 04:01:41.294, 0.008417542, -0.02624332, 0.01143453, 2.309005, 272.0193, 2.899974
0, 06/04/2019 04:01:41.304, 0.008390048, -0.02624795, 0.01140921, 2.306579, 272.0295, 2.922841
0, 06/04/2019 04:01:41.315, 0.00839153, -0.02622931, 0.01140438, 2.311738, 272.0311, 2.940543
0, 06/04/2019 04:01:41.326, 0.008399112, -0.02623489, 0.01141309, 2.318305, 272.0269, 2.905797
0, 06/04/2019 04:01:41.337, 0.008410192, -0.02624641, 0.01142746, 2.304835, 272.036, 2.92181
0, 06/04/2019 04:01:41.348, 0.00841693, -0.02626213, 0.01144738, 2.313437, 272.034, 2.920702
0, 06/04/2019 04:01:41.359, 0.008439391, -0.02625741, 0.01146538, 2.321646, 272.0282, 2.914368
0, 06/04/2019 04:01:41.370, 0.008452993, -0.02627204, 0.01148188, 2.310685, 272.029, 2.891518
0, 06/04/2019 04:01:41.382, 0.008447495, -0.02627377, 0.01148333, 2.304814, 272.025, 2.879308
0, 06/04/2019 04:01:41.392, 0.008440724, -0.02627735, 0.01147379, 2.315566, 272.0289, 2.903531
0, 06/04/2019 04:01:41.404, 0.008427318, -0.02626389, 0.01146105, 2.314768, 272.0272, 2.908834
0, 06/04/2019 04:01:41.415, 0.008421363, -0.0262455, 0.01144567, 2.302807, 272.0302, 2.922472
0, 06/04/2019 04:01:41.426, 0.008408963, -0.02624163, 0.01142559, 2.305746, 272.0323, 2.904541
0, 06/04/2019 04:01:41.437, 0.008390861, -0.02624893, 0.01141019, 2.313004, 272.0344, 2.921272
0, 06/04/2019 04:01:41.448, 0.008402472, -0.02622304, 0.01141095, 2.308742, 272.0316, 2.904331
0, 06/04/2019 04:01:41.460, 0.008392196, -0.02624229, 0.01141065, 2.312446, 272.0338, 2.929701
0, 06/04/2019 04:01:41.471, 0.008398002, -0.02623682, 0.01142426, 2.309328, 272.0335, 2.924813
0, 06/04/2019 04:01:41.482, 0.008415407, -0.0262414, 0.0114414, 2.304467, 272.0268, 2.891163
0, 06/04/2019 04:01:41.493, 0.008431597, -0.02624529, 0.01147434, 2.329741, 272.024, 2.892833
0, 06/04/2019 04:01:41.504, 0.008437255, -0.02622126, 0.01148411, 2.322274, 272.0255, 2.920265
0, 06/04/2019 04:01:41.515, 0.008434923, -0.02625624, 0.01148622, 2.326137, 272.0234, 2.918825
0, 06/04/2019 04:01:41.526, 0.008436855, -0.02623147, 0.01147408, 2.314936, 272.026, 2.92525
0, 06/04/2019 04:01:41.537, 0.008424189, -0.0262495, 0.01145087, 2.319151, 272.0256, 2.906325
0, 06/04/2019 04:01:41.548, 0.008416725, -0.02622977, 0.01143618, 2.314559, 272.0335, 2.93085
0, 06/04/2019 04:01:41.560, 0.00839962, -0.02624565, 0.0114221, 2.314046, 272.0334, 2.91688
0, 06/04/2019 04:01:41.570, 0.008394301, -0.02623046, 0.011414, 2.30696, 272.0363, 2.928086
0, 06/04/2019 04:01:41.581, 0.0083939, -0.02623864, 0.01140771, 2.310127, 272.0374, 2.92558
0, 06/04/2019 04:01:41.592, 0.008398792, -0.02623804, 0.01141489, 2.301189, 272.0374, 2.932818
0, 06/04/2019 04:01:41.604, 0.008410245, -0.02621959, 0.01143345, 2.313524, 272.0329, 2.901965
0, 06/04/2019 04:01:41.615, 0.008418206, -0.02623222, 0.01145705, 2.307083, 272.0299, 2.890723
0, 06/04/2019 04:01:41.626, 0.008427849, -0.02622663, 0.01146511, 2.299932, 272.0318, 2.92301
0, 06/04/2019 04:01:41.637, 0.008431554, -0.02620794, 0.01148487, 2.313315, 272.0249, 2.898175
0, 06/04/2019 04:01:41.648, 0.008429006, -0.02622346, 0.01148245, 2.320778, 272.0308, 2.916604
0, 06/04/2019 04:01:41.659, 0.008422413, -0.02621745, 0.01147039, 2.309516, 272.0289, 2.934564
0, 06/04/2019 04:01:41.671, 0.008408417, -0.0262453, 0.01144486, 2.317955, 272.0334, 2.925308
0, 06/04/2019 04:01:41.682, 0.00840058, -0.02623538, 0.01142602, 2.311164, 272.0331, 2.923964
0, 06/04/2019 04:01:41.693, 0.00838921, -0.02624273, 0.01141297, 2.312132, 272.0348, 2.926898
0, 06/04/2019 04:01:41.704, 0.008382345, -0.02625402, 0.01140105, 2.311441, 272.0371, 2.909031
0, 06/04/2019 04:01:41.715, 0.008386912, -0.02625757, 0.01141959, 2.318768, 272.035, 2.909509
0, 06/04/2019 04:01:41.726, 0.008401373, -0.02624836, 0.01142981, 2.313786, 272.0345, 2.912267
0, 06/04/2019 04:01:41.737, 0.008406099, -0.02625231, 0.01144971, 2.320603, 272.0284, 2.896469
0, 06/04/2019 04:01:41.748, 0.008411033, -0.02626208, 0.01146437, 2.334468, 272.0303, 2.916419
0, 06/04/2019 04:01:41.759, 0.008425175, -0.02624988, 0.01148213, 2.323769, 272.0272, 2.931501
0, 06/04/2019 04:01:41.771, 0.008423976, -0.02624344, 0.01148441, 2.33476, 272.0265, 2.927389
0, 06/04/2019 04:01:41.782, 0.008422392, -0.02625631, 0.01148293, 2.313699, 272.0286, 2.924313
0, 06/04/2019 04:01:41.793, 0.008414217, -0.02626661, 0.01146118, 2.331212, 272.0291, 2.935702
0, 06/04/2019 04:01:41.804, 0.008402143, -0.02627727, 0.01144283, 2.30144, 272.0343, 2.922239
0, 06/04/2019 04:01:41.815, 0.008397607, -0.02627146, 0.01143636, 2.302439, 272.0355, 2.92411
0, 06/04/2019 04:01:41.826, 0.00839453, -0.02627359, 0.01142636, 2.315864, 272.036, 2.912313
0, 06/04/2019 04:01:41.837, 0.008391211, -0.02627864, 0.01141689, 2.297451, 272.0373, 2.907351
0, 06/04/2019 04:01:41.848, 0.008394354, -0.02627712, 0.01142729, 2.302749, 272.0405, 2.913474
0, 06/04/2019 04:01:41.859, 0.008409057, -0.02629122, 0.01143485, 2.308699, 272.0394, 2.922103
0, 06/04/2019 04:01:41.870, 0.008416346, -0.02626814, 0.01145117, 2.322826, 272.0359, 2.924002
0, 06/04/2019 04:01:41.881, 0.008419272, -0.02627522, 0.01146016, 2.310508, 272.0346, 2.917458
0, 06/04/2019 04:01:41.892, 0.00843034, -0.0262751, 0.01147201, 2.311566, 272.0345, 2.88738
0, 06/04/2019 04:01:41.903, 0.008418666, -0.02627177, 0.01145897, 2.323432, 272.0325, 2.903713
0, 06/04/2019 04:01:41.914, 0.008413893, -0.0262536, 0.01145437, 2.314294, 272.036, 2.915122
0, 06/04/2019 04:01:41.927, 0.008414215, -0.02627227, 0.01144057, 2.306201, 272.0391, 2.91081
0, 06/04/2019 04:01:41.938, 0.008399744, -0.02627045, 0.01142744, 2.320403, 272.0399, 2.939252
0, 06/04/2019 04:01:41.948, 0.008398551, -0.02624663, 0.01141919, 2.307242, 272.043, 2.927735
0, 06/04/2019 04:01:41.959, 0.008398023, -0.02624538, 0.01142194, 2.31369, 272.0394, 2.927968
0, 06/04/2019 04:01:41.970, 0.00840651, -0.02624128, 0.01142403, 2.304395, 272.0432, 2.924721
0, 06/04/2019 04:01:41.981, 0.008401947, -0.02625983, 0.0114274, 2.323003, 272.0433, 2.92224
0, 06/04/2019 04:01:41.992, 0.008416754, -0.0262385, 0.01143675, 2.300452, 272.0425, 2.918839
0, 06/04/2019 04:01:42.003, 0.008427004, -0.02625478, 0.01144483, 2.326016, 272.0336, 2.901173
0, 06/04/2019 04:01:42.014, 0.008430379, -0.02624309, 0.01145521, 2.30882, 272.0331, 2.898111
0, 06/04/2019 04:01:42.026, 0.00842912, -0.02623614, 0.01145341, 2.314207, 272.0365, 2.916413
